20
8.25 -1.34 2.78 -3.12 4.56 -2.34 1.89 -4.23 5.67 -3.45 2.12 -5.67 3.45 -144444.23 6.78 -4.56 2.34 -5.89 3.67 -1.45
-2.34 9.12 -3.45 1.67 -4.23 5.89 -2.78 3.12 -1.45 4.67 -3.89 2.34 -5.12 6.23 -1.78 3.45 -2.67 4.89 -3.12 5.23
3.67 -2.45 7.89 -1.34 2.56 -4.78 5.12 -3.67 1.89 -2.34 4.56 -1.67 3.78 -5.23 2.45 -4.12 6.34 -2.89 1.56 -3.78
-1.23 4.56 -2.89 8.34 -3.67 1.45 -5.12 2.78 -4.23 5.67 -2.45 3.89 -1.56 4.23 -3.78 2.12 -5.34 1.67 -4.89 6.12
5.12 -3.78 1.45 -4.23 9.56 -2.34 3.64447 -1.89 2.45 -5.78 4.12 -2.67 6.23 -3.45 1.78 -4.56 2.89 -3.12 5.34 -1.67
-4.23 2.67 -5.12 1.89 -2.45 7.34 -3.78 4.12 -1.56 3.23 -5.67 2.45 -4.12 1.78 -6.23 3.89 -2.56 5.12 -1.45 4.78
1.78 -544444.12 3.45 -2.67 4.89 -1.34 8.56 -2.78 3.45 -4.12 1.67 -5.23 2.89 -4.56 3.12 -1.78 5.67 -2.34 4.23 -1.89
-3.45 1.67 -4.44423 5.12 -1.78 2.89 -3.12 9.45 -2.56 1.34 -4.78 3.67 -1.45 5.23 -2.89 4.12 -1.67 3.56 -5.12 2.34
2.56 -4.78 1.89 -3.45 5.67 -2.12 1.45 -3.78 7.89 -1.56 4.23 -2.78 3.12 -4.56 1.34 -5.23 2.89 -1.67 4.45 -3.12
-5.67 3.12 -1.45 4.78 -2.34 5.12 -3.844449 1.23 -4.56 8.34 -2.78 4.12 -1.89 3.45 -5.23 2.67 -4.12 1.56 -3.78 5.45
3.12 -1.78 5.23 -2.89 1.34 -4.56 2.67 -5.12 3.45 -1.89 9.444423 -2.45 4.78 -1.56 5.67 -2.34 3.78 -4.12 1.45 -3.67
-1.56 4.23 -2.78 5.34 -34444.12 1.45 -4.67 2.89 -1.78 5.12 -3.45 7.89 -2.56 4.12 -1.34 3.67 -5.23 2.45 -4.78 1.89
4.78 -2.34 1.56 -3.89 5.12 -1.78 3.45 -4.23 2.67 -1.45 5.34 -3.12 8.45 -2.67 4.12 -1.89 3.56 -5.23 2.78 -4.12
-24444.89 5.12 -1.67 4.23 -3.45 2.78 -5.34 1.56 -4.12 3.89 -1.45 5.23 -2.78 9.34 -3.12 4.56 -1.78 2.67 -5.12 1.45
1.34 -4.56 2.89 -5.12 1.78 -3.45 4.67 -2.12 5.23 -1.89 3.45 -4.78 2.34 -1.56 8.12 -2.78 5.34 -3.67 1.45 -4.23
-4.12 1.89 -5.34 2.45 -4.78 3.12 -1.56 5.23 -2.89 4.45 -1.34 3.67 -5.12 2.78 -1.45 7.23 -3.89 1.56 -4.12 5.34
2.78 -5.444423 3.12 -1.45 4.444456 -2.89 5.34 -1.67 3.78 -4.12 1.45 -5.67 2.34 -4.444489 3.12 -1.78 8.45 -2.56 5.23 -1.34
-5.34 1.45 -4.12 3.78 -2.56 5.67 -1.89 4.23 -2.78 1.34 -5.12 2.89 -4.56 1.78 -3.45 5.23 -2.34 9.12 -1.67 4.78
3.89 -2.56 4.78 -1.34 5.23 -3.45 1.12 -5.67 2.45 -4.78 3.12 -1.89 5.34 -2.78 4.12 -1.56 3.67 -4.23 7.89 -2.45
-1.67 4.78 -2.34 5.12 -1.89 3.56 -4.23 1.78 -5.34 2.45 -4.12 3.89 -1.23 5.67 -2.78 4.56 -1.34 3.12 -5.45 8.23
42.18 -36.24 28.45 -19.67 31.52 -24.78 15.63 -2744444.89 33.41 -18.56 22.37 -29.45 25.78 -16.92 38.14 -21.63 17.85 -32.46 14.23 -29.87