14
7.23 -1.45 2.67 -3.12 4.56 -2.34 1.89 -4.23 3.67 -2.45 5.12 -1.78 3.45 -2.89
-2.34 8.12 -3.45 1.67 -4.23 5.89 -2.78 3.12 -1.45 4.67 -2.89 3.34 -1.56 4.23
3.67 -2.45 6.89 -1.34 2.56 -4.78 5.12 -3.67 1.89 -2.34 4.56 -1.67 2.78 -3.45
-1.23 4.56 -2.89 7.34 -3.67 1.45 -5.12 2.78 -4.23 5.67 -2.45 3.89 -1.56 4.12
5.12 -3.78 1.45 -4.23 8.56 -2.34 3.67 -1.89 2.45 -5.78 4.12 -2.67 6.23 -3.45
-4.23 2.67 -5.12 1.89 -2.45 6.34 -3.78 4.12 -1.56 3.23 -5.67 2.45 -4.12 1.78
1.78 -5.12 3.45 -2.67 4.89 -1.34 7.56 -2.78 3.45 -4.12 1.67 -5.23 2.89 -4.56
-3.45 1.67 -4.23 5.12 -1.78 2.89 -3.12 8.45 -2.56 1.34 -4.78 3.67 -1.45 5.23
2.56 -4.78 1.89 -3.45 5.67 -2.12 1.45 -3.78 6.89 -1.56 4.23 -2.78 3.12 -4.56
-5.67 3.12 -1.45 4.78 -2.34 5.12 -3.89 1.23 -4.56 7.34 -2.78 4.12 -1.89 3.45
3.12 -1.78 5.23 -2.89 1.34 -4.56 2.67 -5.12 3.45 -1.89 8.23 -2.45 4.78 -1.56
-1.56 4.23 -2.78 5.34 -3.12 1.45 -4.67 2.89 -1.78 5.12 -3.45 6.89 -2.56 4.12
4.78 -2.34 1.56 -3.89 5.12 -1.78 3.45 -4.23 2.67 -1.45 5.34 -3.12 7.45 -2.67
-2.89 5.12 -1.67 4.23 -3.45 2.78 -5.34 1.56 -4.12 3.89 -1.45 5.23 -2.78 8.34
28.45 -19.67 31.52 -24.78 15.63 -27.89 33.41 -18.56 22.37 -29.45 25.78 -16.92 38.14 -21.63