time x y
0.0001590251922607422 0.0 0.0
0.03508591651916504 0.0 0.0
0.06032299995422363 0.2530721787529504 0.0005337147086238663
0.08441567420959473 1.265282104744199 0.01334253539121648
0.10763335227966309 2.0242150145107454 0.03415481697404753
0.13000249862670898 3.2883379809346738 0.09017658518475716
0.15568757057189941 5.308869202383043 0.2181827717630293
0.1761007308959961 7.074389783114222 0.3637227731793399
0.20486187934875488 9.591060569564835 0.6300860657734972
0.22580766677856445 11.84864150473853 0.9318129861217799
0.2568395137786865 15.346248066125874 1.4972575844076594
0.2782156467437744 17.83351824602228 1.9642354245817275
0.3055543899536133 21.29803811801646 2.7059100894772605
0.3349919319152832 24.986845123705056 3.602018726623293
0.35791015625 28.405510649649557 4.532451568750588
0.3864469528198242 32.039662476564274 5.629378327343615
0.40872669219970703 35.402197688510384 6.745772612716394
0.4304924011230469 38.976198715230346 8.02515702554533
0.45688819885253906 42.755785325398826 9.47789687109062
0.4776332378387451 46.03538244895626 10.818501943117532
0.5045211315155029 50.21472193132864 12.630673222101331
0.5247700214385986 53.661538069031394 14.221197138192135
0.5456089973449707 57.297798878239725 16.00258292740664
0.572047233581543 61.345421346870495 18.092462255197056
0.5928640365600586 64.91145570097044 20.010567306537776
0.6166520118713379 68.66986950326448 22.104263919268597
0.6401634216308594 72.83037409733447 24.51481154146747
0.6616840362548828 76.29479906123457 26.610876347742693
0.6906890869140625 81.4376537480822 29.84219708017068
0.7166333198547363 85.8831788188811 32.75450032019856
0.7481229305267334 91.10118161025215 36.3323599720143
0.769711971282959 95.02042493293152 39.1180502085265
0.789513349533081 98.49529775586919 41.65468157312092
0.8197376728057861 103.75195990653025 45.61226572139529
0.840273380279541 107.15043470720481 48.25037277847522
0.8614535331726074 110.92372261987141 51.230781583369314
0.8875288963317871 115.4607897132437 54.87704775688307
0.914705753326416 120.13843811394602 58.75132103651326
0.9349806308746338 123.79589577783418 61.872785717241186
0.9550132751464844 127.22948107621853 64.86633465654536
0.9836249351501465 132.15245190478947 69.23203362439743
1.0044307708740234 135.71616718482454 72.46010916858945
1.0276269912719727 139.80293200280875 76.24118395988913
1.0506722927093506 143.68102205777333 79.8750002516908
1.0719718933105469 147.33774364784787 83.37453053684979
1.091881513595581 150.5886770659756 86.56549828413131
1.1248316764831543 156.15262563439808 92.09636640317092
1.14597749710083 159.71962217934598 95.6873078747619
1.1668577194213867 163.2714408832029 99.29326251937326
1.1868641376495361 166.62392775416353 102.7401988541788
1.2169854640960693 171.69631838108037 108.0442898836585
1.2374212741851807 175.17130549090746 111.72434281678294
1.2574245929718018 178.45035844524716 115.2412093253104
1.2827122211456299 182.9069457804127 120.0820562120552
1.3031110763549805 186.48168789090246 124.01466630720446
1.3247253894805908 189.87829791972587 127.76718083964246
1.354724407196045 194.973212962961 133.39595263829946
1.3765807151794434 198.69204039369413 137.5394409990098
1.3966376781463623 202.05687463919074 141.32047465455898
1.4219441413879395 206.23293107247912 146.07328282287776
1.4483892917633057 210.54467008685052 151.04358220307736
1.481452226638794 216.03055388693875 157.34048372330847
1.5058279037475586 220.18652646276317 162.11086366287748
1.5270366668701172 223.5032487815104 165.93417087841564
1.5586552619934082 228.81000449150596 172.05146242327672
1.5802478790283203 232.44062776934092 176.27245139144026
1.600229263305664 235.55303967162814 179.93761584432187
1.628225326538086 240.12835075273 185.34857190763532
1.6483845710754395 243.3964300963742 189.21354052428777
1.6731038093566895 247.79732357740568 194.4405409919095
1.6979625225067139 251.37424676413542 198.70713140711814
1.7178964614868164 254.62599511570792 202.58584996639874
1.7388617992401123 257.8940744593521 206.4508185830512
1.7668395042419434 262.4921675323873 211.8424284631953
1.7883121967315674 265.93220174017847 215.89339970059078
1.8081893920898438 269.0291267823858 219.5716592889172
1.828603744506836 272.4520439342992 223.63710409706744
1.84877610206604 275.72012327794334 227.50207271371988
1.8686439990997314 278.81704832015066 231.1803323020463
1.895810842514038 283.3465516332354 236.62969159876334
1.9205429553985596 286.9054470935162 240.91133104618388
1.9457476139068604 291.4578947857177 246.3415370291767
1.9697692394256592 294.86363398642413 250.42138308187896
1.9906158447265625 298.0989934957704 254.31378257953398
2.0147743225097656 301.82908881082983 258.78218539916026
2.0361292362213135 305.23482801153625 262.8620314518625
2.0560078620910645 308.3006143227605 266.56628476529505
2.080355167388916 312.8070926747035 272.0347004290345
2.1041855812072754 315.87287898592774 275.73895374246706
2.123122215270996 318.938665297152 279.4432070558996
2.1560559272766113 324.08892627080115 285.69282495731613
2.1765432357788086 327.47742693057535 289.7869996721626
2.1974968910217285 330.7127864399216 293.6793991698176
2.2281031608581543 335.56582570394096 299.51799841630014
2.249706983566284 338.95432636371515 303.6121731311466
2.2696855068206787 342.1732394722459 307.51818431953194
2.294971466064453 346.05567088346135 312.18906371671795
2.3220229148864746 351.2584682459773 318.3950134115669
2.3486263751983643 354.83539143270707 322.66160382677555
2.3749194145202637 358.88984286211945 327.51856341332586
2.396597385406494 362.4487383224003 331.80020286074637
2.4164633750915527 365.51452463362455 335.5044561741789
2.4426026344299316 369.72049199577464 340.56457552113045
2.4630367755889893 372.9558515051209 344.45697501878544
2.4829554557800293 376.02163781634516 348.161228332218
2.504221200942993 379.0874241275694 351.86548164565056
2.5319902896881104 383.5939024795124 357.33389730939
2.5581369400024414 387.62783183638646 362.2079148270644
2.5781519412994385 390.6936181476107 365.912168140497
2.6118521690368652 396.51726526443395 372.918487236276
2.6581878662109375 403.4909217230233 381.27245772514254
2.707948923110962 411.2557845454543 390.61421651951457
2.745098829269409 417.7592812485993 398.37165363807577
2.7771003246307373 422.33459232970114 403.7826097013892
2.802734375 426.5830954764386 408.8070689030374
2.8409531116485596 432.31648582275716 415.5586876320299
2.8663885593414307 436.41176464155615 420.3812724384531
2.8869752883911133 439.8517988493473 424.43224367584855
2.906850814819336 442.9796422404217 428.0842477882611
2.931602954864502 447.09522564973014 432.88951635722503
2.9520225524902344 450.37957784475526 436.7406662716137
2.977851390838623 454.64923569828795 441.7471611603189
2.998180866241455 457.77707908936236 445.39916527273147
3.0237176418304443 462.06781569044 450.3876067805611
3.047062635421753 465.5419001070054 454.4094149290878
3.0686466693878174 469.5219668895021 458.9973835877336
3.091444253921509 472.8386892082493 462.8206908032718
3.120640993118286 477.99209520227157 468.7359619283374
3.1408207416534424 480.9916323159591 472.16431727119516
3.170952320098877 485.9908608387717 477.87824284262473
3.1916162967681885 489.4818778024642 481.8853619918627
3.2220041751861572 494.30280599042055 487.41900272176275
3.242201566696167 497.635625005629 491.22828643604913
3.2623672485351562 500.9684440208374 495.0375701503355
3.2890658378601074 505.45689440272776 500.18958048507005
3.3156075477600098 509.7895591224987 505.14164931364235
3.337099313735962 513.2974465264609 509.13400817503015
3.368068218231201 518.1416719890755 514.6472656502799
3.3894941806793213 521.8254140502277 518.8219773387458
3.4186463356018066 527.0285358861555 524.693565623252
3.441737174987793 530.3933701316521 528.4745992788012
3.4619052410125732 533.5975308233491 532.0598318483774
3.4905498027801514 538.3305839170094 537.3333624892814
3.514871835708618 542.3874865687184 541.8535316100563
3.536022901535034 545.7682387784757 545.620339210702
3.568239688873291 551.1774423140876 551.6472313717352
3.5902719497680664 554.8962697448206 555.7907197324455
3.6106340885162354 558.292879773644 559.5432342648835
3.6316070556640625 561.8676218841338 563.4758443600327
3.666778564453125 567.8255254016167 570.0301945186148
3.6944475173950195 572.0811707712473 574.7118732033164
3.7147531509399414 575.4935781918239 578.4500279085228
3.735689401626587 579.247226354458 582.5619980842498
3.755802631378174 582.4815168353773 586.1200738846229
3.775787115097046 586.072814372137 590.0375712132043
3.798769235610962 589.8437728865078 594.1336724250652
3.837827444076538 596.5133254547759 601.4090246067163
3.871756076812744 602.4435306011961 607.9884461045618
3.916759729385376 609.7292112096552 616.0717353733435
3.9555935859680176 616.2127853087505 623.1742293132356
3.9870190620422363 621.5142245296815 628.9572015601891
4.014326095581055 626.131607076944 633.9939838397937
4.045622825622559 631.5661831230615 639.9980070916945
4.08220100402832 637.6515371006248 646.7782607728568
4.118770599365234 643.7654351525069 653.5327869312453
4.157444715499878 650.2490092516023 660.6352808711374
4.198577880859375 657.0738240927552 668.1115902815502
4.233757734298706 663.0593199873547 674.6407524958526
4.277907371520996 670.6012370160964 682.8329549195746
4.311596870422363 675.9270208844833 688.5935149626164
4.336869716644287 680.4242853794948 693.396595361566
4.361893653869629 684.5756064518131 697.8302080375196
4.385962963104248 688.8901498127864 702.4576639697925
4.41092586517334 693.0414708851047 706.8912766457461
4.435112714767456 697.192791957423 711.3248893216996
4.459874629974365 701.5073353183963 715.9523452539726
4.484167098999023 705.6399190772579 720.4034282100455
4.508233547210693 709.7725028361195 724.8545111661184
4.529968738555908 713.9050865949812 729.3055941221913
4.55795431137085 718.4023510899926 734.108674521141
4.581787109375 722.5723356217851 738.5247380408903
4.6068115234375 726.7423201535776 742.9408015606396
4.630486011505127 730.91230468537 747.3568650803888
4.65541934967041 735.0822892171625 751.7729286001381
4.678614377975464 739.252273748955 756.1889921198874
4.703660011291504 744.1172557027129 761.3410662262617
4.732592344284058 748.4706811844574 765.9319614977468
4.757882833480835 752.6592549897098 770.3303972974151
4.781825304031372 756.8478287949622 774.7288330970833
4.80683445930481 761.2205793354077 779.3013253638761
4.830501079559326 765.2435098326176 783.5080182493256
4.852046966552734 769.43208363787 787.9064540489939
4.879698276519775 773.6206574431225 792.3048898486621
4.904727220535278 777.993407983568 796.8773821154549
4.926656723022461 781.6665184375422 800.7182756195609
4.94814133644104 785.3233958422076 804.5746276476084
4.977904319763184 790.3733694010313 809.9000661625312
4.999672889709473 794.2128953891793 813.9319656455604
5.026965618133545 798.9354659728605 818.8702572936966
5.050591707229614 802.9761039542225 823.0599445757556
5.07556414604187 807.3681017600508 827.6139524910371
5.0989696979522705 811.2415028599403 831.6133195877526
5.128121614456177 816.3584565050908 836.8744329408768
5.1519083976745605 820.4167300857273 841.0470400830098
5.177471399307251 824.6606232947873 845.3921244821837
5.198557138442993 828.5340243946769 849.3914915788991
5.226059436798096 833.2773820249714 854.3098201274032
5.2498109340667725 837.5029104975781 858.6727660510928
5.272019863128662 841.1921886544739 862.4981326999293
5.298763990402222 845.7698444997978 867.224657450593
5.321518182754517 850.0137377088579 871.5697418497668
5.347824811935425 854.2576309179179 875.9148262489407
5.372239351272583 858.501524126978 880.2599106481146
5.396442651748657 862.5773611082659 884.4153634176497
5.420674800872803 866.6706889791208 888.5535878870998
5.444900274276733 870.9510848330583 892.8627176530089
5.4696478843688965 875.2314806869958 897.171847418918
5.493090629577637 879.5118765409334 901.4809771848271
5.52164626121521 884.3375348161718 906.3185819155308
5.552135229110718 889.8781054284825 911.872868828561
5.600934267044067 898.3137693870585 920.2583785574275
5.642226934432983 905.5380658717868 927.3494179958309
5.688241243362427 913.320243476817 934.9558901777982
5.732485771179199 921.2997988856112 942.7224459458105
5.7806689739227295 930.0759307017901 951.121318630192
5.824676752090454 937.4773496044575 958.0272796960746
5.867018699645996 944.5637908904669 964.5283952283972
5.914907455444336 952.6290412610725 971.8340398810424
5.954406976699829 958.2880948403739 976.8952989976789
5.979693651199341 962.271768080751 980.4130469748486
6.001519680023193 965.3125932949547 983.0868289441316
6.028214454650879 968.3646691157408 985.7477613346242
6.052069902420044 971.2417158593421 988.2242325841884
6.077856779098511 974.3161298004504 990.8593240287721
6.101866245269775 976.6302555935322 992.8258994316632
7.510185241699219e-05 979.5384075439069 995.265768290499
0.0247495174407959 981.2894578176113 996.7223168658244
0.049782514572143555 982.6465953944528 997.8609223332811
0.07462549209594727 983.4068016980037 998.5293678256019
0.09752178192138672 984.1410916208611 999.2261829440893
0.12173151969909668 984.4916823343599 999.5912437631989
0.14808344841003418 984.8217389959813 999.9749700330319
0.16955232620239258 985.1302695075949 1000.3762083331031
0.1996769905090332 985.6953585639118 1001.2160936577716
0.22420358657836914 986.0743459127877 1001.8739545108274
0.25184178352355957 986.4081078171143 1002.5558748168835
0.2756021022796631 986.7888198214771 1003.4938467620378
0.30085325241088867 987.1054132059426 1004.4553568395072
0.32488036155700684 987.42178951129 1005.6805308459931
0.34911012649536133 987.6600699891092 1006.9232567717885
0.37464308738708496 987.8245944460547 1008.177879032001
0.39890122413635254 987.9508673285392 1009.944882136737
0.4251847267150879 987.9651670572441 1011.7163336124361
0.44919395446777344 987.857738354203 1013.7380633358197
0.4754035472869873 987.6311825043983 1015.7499292477455
0.4993326663970947 987.2479116937839 1017.9951050312986
0.5222158432006836 986.7515416723005 1020.2180147494598
0.5485005378723145 986.0081886993638 1022.9007315946291
0.5714068412780762 985.2149573729919 1025.30393056972
0.5990722179412842 983.9217124493293 1028.6024903796085
0.6248397827148438 982.7597416264169 1031.1321874208427
0.6500327587127686 981.4816938256769 1033.605269937208
0.6736493110656738 980.2214337971446 1035.799882866975
0.6993353366851807 978.5886057675518 1038.3604432797047
0.7248141765594482 976.8283225279206 1040.8351149584805
0.7487437725067139 975.1066380526833 1043.0226583023837
0.7741124629974365 973.1149369553156 1045.3151948321267
0.7965550422668457 971.1894641339114 1047.3256917179147
0.8232021331787109 968.7966085838968 1049.5835634217501
0.8473529815673828 966.4893615184745 1051.5582046500654
0.8728823661804199 963.8890614574799 1053.5736901764355
0.895000696182251 961.6120783271068 1055.1752179275925
0.9195728302001953 958.4264552655417 1057.2397066111191
0.9439411163330078 955.3784054913654 1059.045910316722
0.9717209339141846 951.819088298879 1060.9764514651752
0.9999022483825684 947.5129415884654 1063.115993197547
1.0254614353179932 944.0516964147702 1064.6748676833079
1.0476949214935303 940.3089563483272 1066.2200617803853
1.075108528137207 936.0488914983258 1067.8333474733338
1.0992023944854736 932.2270921813428 1069.17109856502
1.1247024536132812 927.8967874941948 1070.585066234295
1.1487948894500732 923.5320895745325 1071.8890046237086
1.1741831302642822 918.8942212417538 1073.1581443496548
1.1985018253326416 914.2306208407509 1074.329199265503
1.2240190505981445 909.2990564212254 1075.4684961452192
1.2456495761871338 904.8400126550355 1076.4000389217429
1.2731964588165283 898.8697507717418 1077.5164443367873
1.294849157333374 894.3753931510195 1078.2591372951124
1.3195264339447021 889.6202931740371 1078.9729737785372
1.3439252376556396 884.3581878155717 1079.7175881172307
1.3682398796081543 878.5819912218831 1080.4357717489934
1.39912748336792 872.0381452747617 1081.1235576729619
1.4417717456817627 862.4549915028336 1081.9268739545378
1.485236644744873 851.8391601217386 1082.456909194943
1.5270988941192627 841.4641996905715 1082.602535021249
1.5687761306762695 831.0902321991153 1082.3980617570244
1.595820426940918 824.7698227392028 1082.1133565096281
1.6319284439086914 815.9316225225017 1081.528260573525
1.662926197052002 808.372617058625 1080.819269983868
1.6855897903442383 802.8415431803195 1080.1825636091219
1.7141883373260498 795.8166677257373 1079.2535631486435
1.7371361255645752 790.0617569657122 1078.381074201997
1.7638182640075684 783.3242330735922 1077.243019228362
1.7927725315093994 776.1092852646709 1075.8987512358904
1.8172554969787598 770.1553673379506 1074.6982307955282
1.843205213546753 763.9669006406311 1073.3823612142187
1.8672399520874023 758.0396230780071 1072.0565525170593
1.889716625213623 751.8802813654003 1070.6104742044538
1.9167938232421875 746.2251113440606 1069.2323280410833
1.9421391487121582 740.5758044633684 1067.8303413843578
1.9659135341644287 735.1807121730504 1066.455149603599
1.9891271591186523 729.7974124919582 1065.0344955998148
2.015186071395874 724.1789267237723 1063.5136890734727
2.0381314754486084 719.0549073385034 1062.1035016191363
2.064011573791504 713.20919889135 1060.4548413276486
2.0881974697113037 708.1034332396696 1058.9799310161043
2.110220432281494 702.5252299374503 1057.3174380877037
2.1346983909606934 697.4385355157247 1055.7780410703738
2.1619131565093994 691.3752710567907 1053.9709835395035
2.183746099472046 686.2821289112861 1052.4530552135727
2.213024854660034 679.9723844858061 1050.5870180912225
2.2407944202423096 674.1336818666689 1048.9137160470207
2.2648816108703613 669.0156560432245 1047.4819287068287
2.290083885192871 663.3971702750385 1045.9611221804867
2.314750909805298 658.0079263507231 1044.563186853247
2.3400352001190186 652.3645831145432 1043.137384645178
2.3621861934661865 647.6929209230017 1041.9989160754371
2.385610818862915 642.7678982622363 1040.8316642624125
2.4157869815826416 635.6160501668894 1039.1843643072966
2.4454238414764404 629.188831834516 1037.775168165921
2.469632863998413 624.2358494164129 1036.7329157156848
2.4953882694244385 618.7780913169191 1035.632438645353
2.519664764404297 613.5576262330261 1034.6369751227505
2.5444858074188232 608.3330088541521 1033.6635396799263
2.569481372833252 603.3591490014285 1032.7259666590226
2.598545789718628 597.1393664075309 1031.5671149413745
2.623084783554077 592.1655065548073 1030.6295419204707
2.644963264465332 587.1997327213312 1029.6500444785001
2.671844720840454 581.7419746218375 1028.5495674081683
2.6958324909210205 576.534523366529 1027.4881274708357
2.7188282012939453 571.5815409484259 1026.4458750205995
2.7426772117614746 566.3879372991937 1025.3186286182272
2.7673325538635254 561.1991344231645 1024.169486316034
2.7931618690490723 555.7709710653666 1022.9312553941236
2.8158414363861084 550.3480786851253 1021.6701402180845
2.8399996757507324 544.6871461313108 1020.3158590659468
2.865074872970581 540.0203274037825 1019.1576961756083
2.889617443084717 535.1156980489479 1017.907521829464
2.917020797729492 528.9949210253264 1016.306047057276
2.941718101501465 523.370070675982 1014.8089520818816
2.9649291038513184 518.4872306871716 1013.4762110538733
2.9950599670410156 511.6672374988259 1011.5527740471377
3.02022385597229 506.0752084517474 1009.937396086875
3.04217791557312 500.7361939378797 1008.3584415987325
3.0699338912963867 494.67292947894566 1006.5513840678624
3.0942482948303223 489.57343021909077 1005.0549514379995
3.1189775466918945 483.9882643630592 1003.4160014148165
3.1407907009124756 479.1346148049977 1001.9805882437779
3.1727612018585205 472.5700589671229 1000.0842749860782
3.1970033645629883 467.4520331436784 998.6524876458863
3.219290018081665 462.32801375840955 997.2423001915499
3.2440848350524902 457.1865610585675 995.897061382912
3.2712738513946533 451.29473050396234 994.4216899985921
3.2947723865509033 446.13131439752175 993.1633826320365
3.319491386413574 441.201412233666 992.0169142901827
3.3447582721710205 435.274134671042 990.6911055930233
3.3698575496673584 430.0758226452937 989.5857751447234
3.3980720043182373 423.8712012812922 988.3483154289253
3.4275221824645996 417.4051834727515 987.1294705017505
3.453126907348633 411.67853753538776 986.0874718808551
3.475564479827881 406.9407370861626 985.2666276693948
3.499063730239868 401.445145833278 984.3740751296898
3.524064540863037 395.69023507325295 983.5015861830435
3.545687437057495 390.68126496697477 982.7745762254267
3.5693016052246094 385.42024817150775 982.0223092550017
3.5946731567382812 379.6514369411571 981.2470339449004
3.614880084991455 374.8806642173428 980.6468123742485
3.645108222961426 367.84820198325355 979.7771044151785
3.6727073192596436 361.5644306150718 979.0403207215031
3.6979825496673584 355.7778486165649 978.4112709679634
3.7196578979492188 350.74267814569447 977.8961172692126
3.7442312240600586 344.70047358064994 977.2779328307115
3.7675652503967285 339.1617860626925 976.7112637620855
3.7891016006469727 333.62309854473506 976.1445946934596
3.8192367553710938 327.074610453959 975.5025098222554
3.841555595397949 321.78027259330463 975.0397032382267
3.868896722793579 315.4752216139572 974.5153322181678
3.8901820182800293 310.1771680519946 974.0972033246986
3.910111427307129 305.13057415868207 973.7096274223999
3.931579351425171 300.33554411672566 973.3515419397258
3.9570133686065674 294.2777236214321 972.9119980253664
3.978628396987915 289.22803983218597 972.5670072534793
3.9985203742980957 284.17694583605555 972.2433184425553
4.0187482833862305 279.3790657184178 971.925694934385
4.03947639465332 274.3293819291717 971.5807041624979
4.059494972229004 269.53150181153393 971.2630806543276
4.081432580947876 263.97529841579046 970.9070229623111
4.105032444000244 258.1657682022673 970.5470319679323
4.133706092834473 251.09066547905678 970.1535367786596
4.154224872589111 246.03588012286508 969.8937868857008
4.182770490646362 238.70566335089217 969.5326077100447
4.211372137069702 232.38525389097958 969.2479024626485
4.232230186462402 227.076109944653 969.0087500548358
4.26405143737793 219.23880221436144 968.6557155480646
4.285345077514648 214.18200555019334 968.4386153377457
4.3051886558532715 209.12520888602523 968.2215151274268
4.335527181625366 201.53870781232936 967.9278610487028
4.355961322784424 196.48025968988537 967.7534259702204
4.388589859008789 188.386742693975 967.4743298446487
4.408972263336182 183.0757702432935 967.2799720686768
4.429720640182495 177.5123361225832 967.0646257442792
4.458754539489746 170.68394297170698 966.8147371751726
4.479156255722046 165.625494849263 966.6403020966902
4.500197887420654 160.0612019145746 966.4484235103596
4.527663469314575 153.2318155072552 966.2273384149231
4.549018621444702 147.92007052378455 966.0553833406947
4.569059371948242 143.11490497316794 965.8795358291011
4.59958815574646 135.78070492222682 965.6111369956162
4.6202216148376465 130.21641198753844 965.4192584092856
4.642024755477905 124.90466700406778 965.2473033350572
4.669284343719482 118.58116107136462 965.0425949133567
4.691708326339722 112.51102332443185 964.8332728191779
4.711565971374512 107.70585777381525 964.6574253075843
4.735342264175415 101.63665691485855 964.422502044605
4.757111310958862 96.32568446417704 964.2281442686332
4.784947633743286 89.24385709275546 963.9839351587578
4.8061363697052 83.42707774200906 963.7710671184078
4.828811883926392 77.35787688305236 963.5361438554286
4.852149486541748 72.04690443237085 963.3417860794567
4.872233629226685 67.24103992351645 963.1862076789644
4.905051946640015 58.89401209234828 962.9159925623197
4.925454139709473 53.83556396990429 962.7415574838374
4.949512958526611 47.51205803720113 962.5368490621369
4.977722883224487 40.681799871481 962.3445713735798
5.003778696060181 34.10413837393239 962.1732865799414
5.031835317611694 26.767129340357894 961.9977110626078
5.054767847061157 21.201415765509076 961.852777775683
5.075088024139404 16.142276895290514 961.6996801078175
5.107338190078735 8.300128630945181 961.4789168357705
5.127810001373291 2.7344150560963625 961.3339835488457
5.149105787277222 -2.3253245574025634 961.2022260152777
5.176768064498901 -9.40896001630106 961.0177654682825
5.198019742965698 -15.732465949004222 960.813057046582
5.2241950035095215 -21.29751870624464 960.6446496119299
5.244184255599976 -26.610525247798588 960.5175087200677
5.2695465087890625 -32.6822127839973 960.3593996797861
5.290168523788452 -38.24792635884612 960.2144663928613
5.31182336807251 -43.813639933694944 960.0695331059364
5.337716341018677 -50.13864772125917 959.9181749013385
5.359051465988159 -55.198898062856735 959.8077598460973
5.388856649398804 -62.789273575253084 959.6421372632356
5.41660475730896 -69.87362405348968 959.4875561858979
5.442108631134033 -75.94592446340675 959.3550581196085
5.463686466217041 -81.76546720251629 959.2403536055314
5.485663414001465 -87.33174257827362 959.1188970447661
5.512054681777954 -93.91006802235046 958.9753574729525
5.532710552215576 -99.22356356675482 958.8706272644472
5.558699607849121 -105.54857135431904 958.7192690598492
5.579113245010376 -110.86157789587298 958.592128167987
5.601808547973633 -117.43990333994982 958.4485885961734
5.625992774963379 -122.75339888435418 958.3438583876681
5.64704155921936 -128.06689442875856 958.2391281791628
5.674096584320068 -134.89853155727846 958.1044750539417
5.694927215576172 -140.21202710168282 957.9997448454363
5.722069501876831 -147.04417141006937 957.8939078515033
5.742579698562622 -152.6112732993269 957.8194108076669
5.765700817108154 -158.17837518858445 957.7449137638306
5.787777662277222 -163.745477077842 957.6704167199943
5.814484357833862 -170.32477931060092 957.5823747590968
5.842078447341919 -177.41051860333116 957.5174464646433
5.863483905792236 -182.9776204925887 957.4429494208069
5.885350942611694 -189.05042574710276 957.3360646857136
5.909559488296509 -195.12323100161683 957.2291799506203
5.930110931396484 -200.18390204704522 957.1401093380424
5.960246562957764 -207.52213111901594 957.0264325667811
5.981394052505493 -212.32993637306572 956.9519546821615
6.005236387252808 -218.4027416275798 956.8450699470682
6.027945518493652 -224.22271640879794 956.7549125077919
6.0482354164123535 -229.2837181263048 956.6871879224861
6.074035406112671 -236.6219471982755 956.5735111512248
6.0992066860198975 -242.18904908753305 956.4990141073885
6.121461629867554 -247.7561509767906 956.4245170635521
6.1450982093811035 -253.82895623130466 956.3176323284588
6.1679847240448 -259.3960581205622 956.2431352846224
6.1888511180877686 -265.2163614037609 956.1775265240909
6.217297554016113 -272.3017638082705 956.0827121046628
6.237743139266968 -277.6159537624954 956.0228084537428
6.2650840282440186 -284.70169305522563 955.9578801592893
6.286571741104126 -289.7629354071758 955.9115028061083
6.306784629821777 -294.824177759126 955.8651254529273
6.33673882484436 -302.92216552224625 955.7909216878376
6.357488393783569 -307.7304279807216 955.7570034540578
6.37802267074585 -313.04493417855025 955.7419306235621
6.4092724323272705 -321.14316288971395 955.7018837499924
6.454648494720459 -332.0252470090774 955.6710203351679
6.489732980728149 -341.8950745076202 955.6846576719407
6.5346314907073975 -352.52412684167956 955.676928005595
6.569274425506592 -361.63463414173873 955.631875272829
6.601427316665649 -369.9858268327749 955.572964656264
6.637371778488159 -378.8431524141768 955.5104836993013
6.669813394546509 -386.68837584906674 955.4882333304744
6.6918230056762695 -392.25594224320224 955.5076678823893
6.7118048667907715 -397.3173662378709 955.5253356568575
6.741220235824585 -404.65646873678736 955.5354762406116
6.761579275131226 -409.7179222291966 955.5317954471136
6.781559944152832 -414.7793757216058 955.5281146536156
6.802172899246216 -419.84079971627443 955.5457824280837
6.824596643447876 -425.66138151686295 955.578375687051
6.84759783744812 -431.2288164138214 955.6212933179788
6.8682122230529785 -436.79625131077984 955.6642109489067
6.895609140396118 -443.1229706592456 955.6996384043059
6.915914297103882 -448.4372421189539 955.7518128186094
6.93955659866333 -454.0044464714123 955.8182127650249
6.960023641586304 -459.57165082387064 955.8846127114404
6.984875917434692 -465.6449646629161 955.9570490166209
7.013088941574097 -472.47725567856276 956.0529489510176
7.034034252166748 -478.55020996736647 956.1510010389628
7.057232856750488 -483.6110052080362 956.2327111122505
7.077492952346802 -488.67180044870594 956.3144211855382
7.1045472621917725 -495.2503277046643 956.448392822381
7.124977111816406 -500.81677384432135 956.5617534381712
7.145876884460449 -506.88972813312506 956.6598055261164
7.1700873374938965 -512.4561742727822 956.7731661419066
7.191974639892578 -517.7688091822016 956.9149886936981
7.215908050537109 -523.5867024043182 957.0948588522065
7.23689603805542 -528.8986918679899 957.2590881273662
7.257964134216309 -534.2106813316616 957.423317402526
7.284638166427612 -540.2811171047523 957.6238106209399
7.305710077285767 -546.0981999070015 957.8282182764947
7.3319878578186035 -552.4211159964027 958.0504005107933
7.353180170059204 -557.4798124739783 958.217478192805
7.3787453174591064 -564.3085618505316 958.4574350058475
7.404608488082886 -570.3780979720148 958.6835307286312
7.43546986579895 -577.9650181238686 958.966150382111
7.458148717880249 -583.7811870175719 959.1950918982025
7.485252618789673 -590.6088635449628 959.463849330136
7.5067315101623535 -596.1726049896556 959.6711037426878
7.5326502323150635 -602.4945277002026 959.9199532167004
7.56395149230957 -610.5858990201122 960.2555454897708
7.584583759307861 -615.6430060950556 960.4652906604399
7.6053197383880615 -621.2067475397484 960.6725450729917
7.636979103088379 -628.7936676916023 960.9551647264715
7.658004283905029 -633.8507747665458 961.1649098971405
7.6780266761779785 -639.919303256478 961.4166041019434
7.708202123641968 -646.4935424539045 961.6892728238132
7.7286717891693115 -651.803957530764 961.8983063819837
7.749847412109375 -657.3676989754568 962.1055607945356
7.774836778640747 -663.43723509694 962.3316565173193
7.795205593109131 -668.4951818648426 962.5200696196391
7.8201892375946045 -675.829764528548 962.7778010114256
7.848482608795166 -681.8993006500311 963.0038967342093
7.870022296905518 -687.462118432469 963.2346164219452
7.894606113433838 -693.0239135874693 963.488797280252
7.915833950042725 -698.584587168043 963.766434787131
7.9400794506073 -704.9041857304916 964.0686049847744
7.964846611022949 -710.9715986268557 964.3458931938364
7.985345840454102 -716.0277760404924 964.5769667013881
8.010236263275146 -722.347374602941 964.8791368990316
8.031595945358276 -727.4025324034625 965.1315346325579
8.061630010604858 -734.9852691042447 965.5101312328472
8.081937313079834 -740.2926140852685 965.7863423285331
8.101863384246826 -745.0934008585274 966.0564990864883
8.13152551651001 -752.4209175124488 966.4688436117883
8.151907682418823 -757.474965766186 966.7425610810132
8.171740293502808 -762.2757525394449 967.0127178389683
8.194492816925049 -768.0858001937255 967.364258836379
8.217135667800903 -773.3906263128513 967.6852310514062
8.23512077331543 -778.1914130861102 967.9553878093614
8.252196550369263 -782.2336921205286 968.1914136776486
8.28366208076477 -790.0625577642263 968.6982554233543
8.302722930908203 -794.8608947716539 969.0089003642707
8.333810091018677 -802.4382339312313 969.4834132933615
8.354185819625854 -807.2365709386588 969.7940582342779
8.375173091888428 -812.5399960521314 970.1374026426593
8.399281740188599 -818.6018673797934 970.5170129859318
8.421997308731079 -824.1570656182304 970.888423522375
8.438915967941284 -828.4491039932332 971.1844748742353
8.465035676956177 -834.7609251329432 971.6198445093241
8.485352039337158 -839.8096362816314 971.9787884341567
8.502759218215942 -844.1003877728439 972.2929403975312
8.526823282241821 -850.1569704868061 972.7492230235237
8.54465937614441 -854.4463587597123 973.0814700094988
8.561768531799316 -858.7343075040483 973.4318061072424
8.590045690536499 -865.7955787044164 974.0237233673511
8.613770484924316 -871.3417093735242 974.5121983985421
8.639175176620483 -877.642945932643 975.0805738421278
8.657392024993896 -881.676495510176 975.4358284102667
8.684062004089355 -888.4818309940243 976.0496738893393
8.70486569404602 -893.5218500962724 976.5150043665665
8.724654197692871 -898.0560605076844 976.9529303858131
8.750708818435669 -905.1063406755154 977.6638921028202
8.769517183303833 -909.1350721999903 978.07015594111
8.792859554290771 -914.9251292588939 978.6663724055865
8.818029403686523 -921.4660160077233 979.381753280263
8.83927059173584 -925.9921929819828 979.8961123483981
8.857723712921143 -930.5161601969261 980.4295576515068
8.885395050048828 -936.7978715183796 981.1837033222964
8.90555477142334 -941.3218387333228 981.7171486254051
8.924023389816284 -945.34110715296 982.2082793345925
8.954512119293213 -951.8689940111653 983.0339078366054
8.972121000289917 -955.132059582231 983.4536046237533
8.999334573745728 -959.8985257426581 984.0871175736363
9.02603554725647 -964.6622774311708 984.740729206304
9.044097185134888 -967.4186183332241 985.1307652884768
9.061761856079102 -969.9236294337456 985.4906272582368
9.08821702003479 -973.67999933867 986.0383433819396
9.107393264770508 -976.4329519569229 986.4516171355014
9.12573504447937 -978.4344609951056 986.7564016015148
9.14327359199524 -980.6854305377409 987.1040320539364
7.605552673339844e-05 -983.1856876553503 987.4955618699903
0.018979310989379883 -984.9352857471442 987.7733231527292
0.042003631591796875 -986.6848838389382 988.051084435468
0.06687331199645996 -988.9387057818927 988.3797141096898
0.08472156524658203 -990.1944006935641 988.5358409861599
0.10951852798461914 -991.7058041640348 988.6818163259088
0.13128876686096191 -993.2212719959502 988.776718911727
0.14909601211547852 -994.4860313920625 988.8158211200983
0.17604804039001465 -996.5105283328426 988.7972701788259
0.19675159454345703 -998.5324424753193 988.6933702216423
0.2253415584564209 -1001.0521109632782 988.45704002509
0.2521860599517822 -1003.0569077557797 988.1746894957371
0.2736947536468506 -1005.2977692095307 987.766950904952
0.2979288101196289 -1007.7674681939574 987.2145306144689
0.3170170783996582 -1010.4545700830897 986.4871883627401
0.34256434440612793 -1012.3860670174748 985.8803509931664
0.3775808811187744 -1016.182710397549 984.4727903205352
0.3981010913848877 -1018.0429946991693 983.6738695999408
0.4167633056640625 -1020.1022533242359 982.7006457159289
0.44707417488098145 -1023.0083375182088 981.1584340016182
0.4678976535797119 -1025.1836371856236 979.8651232856799
0.4915153980255127 -1027.511135571184 978.3379381040654
0.515610933303833 -1029.765298373275 976.7044469423513
0.5340101718902588 -1031.7467824953153 975.1301845991829
0.5594260692596436 -1033.8476103226303 973.3036945899828
0.5809319019317627 -1035.8614647285901 971.3817336784851
0.5987343788146973 -1037.4482970294719 969.747819953039
0.6260972023010254 -1039.6388330120812 967.2931724379954
0.6499929428100586 -1041.5486256820163 964.9319674576253
0.6685314178466797 -1043.0642963765047 962.9053141579993
0.6867866516113281 -1044.5107318363177 960.8286808943702
0.7096257209777832 -1046.553861289591 957.6293169182098
0.7348377704620361 -1048.4740972084726 954.354717426574
0.7517898082733154 -1049.5761524254187 952.3614324213315
0.7811353206634521 -1051.8838381910991 947.8566670100212
0.8021342754364014 -1053.2904712065938 944.8825913764946
0.8222379684448242 -1054.634074617892 941.8795142567117
0.8492097854614258 -1056.4673764197112 937.4343435266258
0.8688380718231201 -1057.7139578474034 934.1178673852788
0.8941295146942139 -1059.2082924484002 929.8146351868547
0.9136967658996582 -1060.385286642251 926.2056197418301
0.9325320720672607 -1061.3524346506715 923.0610423387401
0.9600503444671631 -1062.8652652642613 917.7029161000722
0.9808595180511475 -1063.8830855810504 913.7837618794105
1.0065548419952393 -1065.121106609759 908.6154442373287
1.0253725051879883 -1065.8809112087047 905.1548552378358
1.0486955642700195 -1066.8426321083643 900.4436312750715
1.0822045803070068 -1068.127879064184 893.4751266097564
1.1027181148529053 -1068.8594572406876 888.9789463837252
1.122687816619873 -1069.4876314809098 884.7228170460105
1.1516907215118408 -1070.332145998782 878.4526154505312
1.172184944152832 -1070.8524195551408 874.18195329555
1.1907258033752441 -1071.3186134934608 869.905049856459
1.2081918716430664 -1071.6981124840968 866.1279758128518
1.2369844913482666 -1072.2868400643629 859.5744752907568
1.255768060684204 -1072.636979556847 855.032642446068
1.2802150249481201 -1073.0930119997115 847.7077149561815
1.3107223510742188 -1073.3560995898285 842.3997032533962
1.3281943798065186 -1073.5480178662042 838.355090122602
1.3567230701446533 -1073.8241546968488 831.2744358125312
1.3738722801208496 -1073.9320794312691 827.4798791761789
1.3994808197021484 -1074.058598285142 821.1543257775851
1.4187204837799072 -1074.1208753764708 816.5994421547923
1.4368512630462646 -1074.1639400226984 812.0443363723175
1.4707388877868652 -1074.1548300597947 803.6929408702391
1.4957382678985596 -1074.0945579726367 797.3664094276272
1.5142004489898682 -1074.022343822866 792.8116725120784
1.53173828125 -1073.9450697120833 788.5101299367645
1.559149980545044 -1073.7935254528384 781.678846627064
1.577260971069336 -1073.6260648008142 776.8733814834811
1.6121509075164795 -1073.2928262264177 768.7819128860673
1.6329929828643799 -1073.0402632394714 763.2200440281617
1.6636335849761963 -1072.6318922975383 755.6388525365211
1.6841764450073242 -1072.3089735378985 750.0806246957801
1.708655595779419 -1071.9860547782587 744.5223968550391
1.7327909469604492 -1071.5767205278846 737.9552502350575
1.7541296482086182 -1071.1778696321223 732.1482585198213
1.7716050148010254 -1070.883066796124 727.8561342085598
1.7938323020935059 -1070.513272217036 722.3008281662078
1.8120274543762207 -1070.210713015964 717.7555777679198
1.8295950889587402 -1069.8889852467516 713.2116439550427
1.8516771793365479 -1069.4656447829298 707.4063861942226
1.8695321083068848 -1069.1527409618438 703.1155435014424
1.8871002197265625 -1068.8118503481815 698.5730071127266
1.9056575298309326 -1068.470959734519 694.0304707240108
1.9225282669067383 -1068.1300691208567 689.487934335295
1.9422333240509033 -1067.7134250374913 683.9359454157535
1.9614202976226807 -1067.3824257980261 679.6464606775934
1.988621711730957 -1066.8177800365856 672.3291043595556
2.0099775791168213 -1066.4011359532203 666.7771154400141
2.027743339538574 -1066.060245339558 662.2345790512983
2.051607847213745 -1065.5734817521093 655.9265132598864
2.0695135593414307 -1065.2534396245485 651.890017125962
2.086930751800537 -1064.7998741034612 646.5948795795842
2.1101620197296143 -1064.3130123969293 641.0486070534972
2.127892017364502 -1063.9639236277192 636.7605565819372
2.145319700241089 -1063.614834858509 632.4725061103771
2.1630897521972656 -1063.2356370905748 627.9330069853542
2.180621862411499 -1062.8372956943213 623.3951476458284
2.1980574131011963 -1062.4198177564322 618.8590088224825
2.2162160873413086 -1062.002339818543 614.3228699991365
2.233515739440918 -1061.631248318197 610.2907466006068
2.260072708129883 -1060.862846636996 602.4832127595922
2.291431188583374 -1060.1935935598208 595.683102639999
2.311609983444214 -1059.717697889935 590.3899252739586
2.3366055488586426 -1059.1511554257852 584.0885236477201
2.3585357666015625 -1058.6752597558993 578.7953462816797
2.375779151916504 -1058.2769183596458 574.257486942154
2.4036712646484375 -1057.657276187696 567.1985946362249
2.4217777252197266 -1057.2589347914425 562.6607352966992
2.4392032623291016 -1056.8736859158207 558.375782190857
2.4632515907287598 -1056.3170486653019 552.3275970930624
2.4828245639801025 -1055.886476392548 547.5385318571211
2.500706195831299 -1055.4559041197942 542.7494666211799
2.519029140472412 -1055.0706552441725 538.4645135153377
2.536567211151123 -1054.672313847919 533.9266541758119
2.5532259941101074 -1054.2870649722972 529.6417010699697
2.571676015853882 -1053.8887235760437 525.103841730444
2.6035304069519043 -1053.2191744734862 517.2872101143626
2.631685972213745 -1052.5928220872227 509.97487731222185
2.6580028533935547 -1052.079456250149 503.66892073639826
2.6756796836853027 -1051.7194088566432 499.1278625857334
2.6991169452667236 -1051.2471122865354 493.3263825359757
2.7176103591918945 -1050.867914518601 488.7868834109528
2.735405206680298 -1050.4887167506668 484.24738428592985
2.7525806427001953 -1050.1396279814567 479.9593338143698
2.781660318374634 -1049.5395489922803 472.39090356326165
2.802586317062378 -1049.1394963328294 467.3452833958562
2.8221981525421143 -1048.7394436733784 462.29966322845075
2.8397274017333984 -1048.3793962798727 457.7586050777859
2.8659989833831787 -1047.8593278225865 451.1992988601588
2.8932061195373535 -1047.3048927185469 444.38886575826933
2.9156527519226074 -1046.818031012015 438.8425932321823
2.933649778366089 -1046.4196896157614 434.30473389265654
2.9669811725616455 -1045.6672669783939 425.73322180688564
2.987520456314087 -1045.2034026029614 420.6930675587235
3.0177125930786133 -1044.5395002758723 413.1299686595139
3.0381734371185303 -1044.118169422612 408.08608074282176
3.0594534873962402 -1043.63130771608 402.53980821673474
3.0900609493255615 -1042.967405388991 394.97670931752515
3.109382390975952 -1042.5690639927375 390.4388499779994
3.12811279296875 -1042.1384917199837 385.64978474205805
3.153252601623535 -1041.571949255834 379.34838311581944
3.1754958629608154 -1041.0616984428582 373.8042134428411
3.1925506591796875 -1040.707617201744 369.77056069659596
3.2219314575195312 -1040.0380680991864 361.9539290805145
3.2413039207458496 -1039.467963626037 356.16124268234245
3.3016469478607178 -1038.1631086557977 342.3035395411339
3.353912353515625 -1037.1229717412255 329.18492710587975
3.4040117263793945 -1035.6849921773849 313.56044893657713
3.4961516857147217 -1033.6276586438464 292.65640671708667
3.534200429916382 -1032.8752360064789 284.08489463131576
3.5554111003875732 -1032.4648672016856 279.29405589887875
3.582165479660034 -1031.8817115317163 272.4860219106788
3.602888345718384 -1031.4391099803236 267.4439559778724
3.6269798278808594 -1030.78192072191 260.13433009143563
3.6522223949432373 -1030.3393191705172 255.09226415862923
3.6713497638702393 -1029.9409777742637 250.55440481910347
3.699756145477295 -1029.3213356023139 243.4955125131745
3.7179713249206543 -1028.9109667975206 238.7046737807375
3.736170768737793 -1028.5437947090213 234.41813386224123
3.7530317306518555 -1028.0586757619178 229.3799809654721
3.783642530441284 -1027.3497649183298 222.32949428554673
3.804104804992676 -1026.8515475660565 217.03837126799436
3.8217434883117676 -1026.4804560657105 213.00624786946466
3.8416271209716797 -1026.0165916902781 207.96609362130252
3.863149404525757 -1025.5183743380048 202.67497060375015
3.893756866455078 -1024.7829106275062 194.86426519688715
3.911799907684326 -1024.4118191271602 190.83214179835744
3.929222345352173 -1023.8781882853463 185.29017361191137
3.9530162811279297 -1023.407232416223 180.50491093516055
3.971071720123291 -1022.9706253638298 175.97057332806833
4.000758409500122 -1022.2826109249763 168.66378439906742
4.021307706832886 -1021.8187465495439 163.62363015090529
4.042860746383667 -1021.3205291972707 158.33250713335292
4.059884548187256 -1020.8223118449976 153.04138411580055
4.089543104171753 -1020.2192881569354 146.48918359318978
4.107710361480713 -1019.8340392813136 142.20423048734753
4.1348583698272705 -1019.2221734200319 135.39871673100984
4.155664682388306 -1018.7583090445995 130.3585624828477
4.172732353210449 -1018.3408311067103 125.82242365950178
4.196855068206787 -1017.7841938561915 119.77423856170721
4.2160444259643555 -1017.3667159183022 115.23809973836129
4.2425947189331055 -1016.76369223024 108.6858992157505
4.2685205936431885 -1016.1606685421779 102.1336986931397
4.287171840667725 -1015.4627394613675 95.33647188229526
4.320552825927734 -1014.8165088309876 89.04274335373559
4.341081619262695 -1014.3526444555552 84.00258910557345
4.368857145309448 -1013.7120792883468 77.1997166544347
4.386636018753052 -1013.3087604793637 72.91642659260658
4.4053144454956055 -1012.7521232288449 66.86824149481201
4.436237812042236 -1012.195485978326 60.82005639701744
4.458039045333862 -1011.7195903084403 55.52687903097702
4.476774454116821 -1011.3021123705511 50.99074020763109
4.502806663513184 -1010.7089964749878 44.691784234354465
4.524841785430908 -1010.0595863493824 37.635568286927466
4.563040256500244 -1009.3241226388839 29.82486288006445
4.599099397659302 -1008.4565723536568 21.009905317628714
4.623189926147461 -1007.9229415118429 15.467937131182657
4.661739349365234 -1007.0415991985212 5.891644059674588
4.6827497482299805 -1006.543381846248 0.6005210421222218
4.712536573410034 -1005.8939717206426 -6.455694905304776
4.740694999694824 -1005.2367824622289 -13.76532079174154
4.777119398117065 -1004.4018265864505 -22.837598438433396
4.816785097122192 -1003.518020342377 -32.66778497536559
4.855656862258911 -1002.7620778072314 -41.4930142193285
4.87609076499939 -1002.3308505040895 -46.79001774302032
4.896040201187134 -1001.9307978446386 -51.83563791042576
4.919183015823364 -1001.4585012745308 -57.63711796018347
4.939984083175659 -1001.0584486150799 -62.682738127588905
4.96722674369812 -1000.4938028536393 -70.00009444562673
5.009616851806641 -999.7337028006825 -79.58677276369706
5.050777912139893 -998.7157192324793 -91.18352440915179
5.0832648277282715 -998.1403372156688 -97.73821012180011
5.117199182510376 -997.4602476946022 -106.31576440638935
5.138092756271362 -997.0814803460884 -111.36302706051802
5.1658220291137695 -996.61326407715 -118.179930378404
5.1866455078125 -996.2490958679757 -123.4819662923153
5.206583023071289 -995.9196103453894 -128.27904640490172
5.2397472858428955 -995.2378291180644 -137.36411918233333
5.266122102737427 -994.8211850346992 -142.91610810187487
5.292659044265747 -994.3529687657608 -149.73301141976083
5.314044237136841 -993.9597459367233 -155.28670830216618
5.333970069885254 -993.6100299013921 -160.08235601762635
5.371263265609741 -992.892191723607 -169.9260539598867
5.410806894302368 -992.2111657600673 -179.26494687946703
5.451992034912109 -991.4962151618173 -189.3625775747495
5.495664358139038 -990.8034956611843 -200.47621031625684
5.53692102432251 -990.2102702081374 -210.32820323088094
5.579558849334717 -989.5175507075045 -221.44183597238828
5.6186723709106445 -989.0224660285668 -230.2855349431596
5.653647422790527 -988.5596456277092 -238.877551967019
5.692045211791992 -987.9725206101823 -248.98342076836622
5.724090099334717 -987.5028205961607 -257.06811580944395
5.746184587478638 -987.2057697887982 -262.37433519190677
5.770985126495361 -986.8521378752713 -268.691263028172
5.797787427902222 -986.4985059617444 -275.0081908644372
5.819962024688721 -986.1718092081978 -281.07314405774974
5.8470704555511475 -985.8181772946709 -287.39007189401497
5.875418424606323 -985.4079642749797 -294.71770818408265
5.9008026123046875 -985.0812675214331 -300.7826613773952
5.922585487365723 -984.8066002814857 -306.09008648042567
5.947781324386597 -984.4526787984769 -312.6604524398476
5.973572492599487 -984.1273374380321 -318.4720260492116
5.996521711349487 -983.8265114133277 -324.28492020967354
6.02294921875 -983.4752132814276 -331.36224361831364
6.046828031539917 -983.1743872567232 -337.1751377787756
6.072749614715576 -982.847402447262 -343.493500996669
6.098248481750488 -982.5470705590822 -349.81318718949456
6.1225745677948 -982.2715473005954 -355.88068048902795
6.145985841751099 -981.9978736767446 -362.20157722655307
6.171789646148682 -981.7479447459472 -368.2701786746134
6.197634935379028 -981.4980158151498 -374.33878012267377
6.2214133739471436 -981.2480868843523 -380.4073815707341
6.2457616329193115 -980.9813155543558 -387.2351359876266
6.275623083114624 -980.7382912178731 -393.81053775700485
6.298701763153076 -980.4715198878765 -400.63829217389736
6.324220895767212 -980.2442702363979 -406.4545274179169
6.347828388214111 -980.0415547102633 -412.271669433833
6.371642589569092 -979.8212117470736 -418.59464988591566
6.396996259689331 -979.5781874105909 -425.1700516552939
6.4228620529174805 -979.3538572538376 -431.2396532885661
6.448120594024658 -979.1335142906479 -437.5626337406488
6.469649076461792 -978.9278783136241 -443.126435237815
6.497095823287964 -978.6848539771414 -449.7018370071932
6.520979166030884 -978.4861265853729 -455.77233084456844
6.546164035797119 -978.2708385776236 -462.3486991683916
6.570212364196777 -978.0721111858551 -468.41919300576683
6.595837831497192 -977.8989900945264 -474.49047105026347
6.618595838546753 -977.7453532017596 -480.3091161264864
6.645684480667114 -977.5649968493811 -487.13969947683506
6.673295497894287 -977.3846404970027 -493.9702828271837
6.699252128601074 -977.2042841446242 -500.8008661775324
6.72090482711792 -977.0455898109062 -506.3662043849876
6.748186111450195 -976.8580419619668 -512.9434222665257
6.769834041595459 -976.7228228935666 -518.5093803204869
6.797036647796631 -976.5630185400026 -525.0873307478956
6.81869101524353 -976.4451507828121 -530.400551099885
6.845900297164917 -976.2936065235672 -537.2318344095855
6.869848012924194 -976.1460948125851 -543.3037886502706
6.893646478652954 -975.9985831016031 -549.3757428909556
6.921435594558716 -975.8470388423582 -556.2070262006562
6.942944288253784 -975.7118197739579 -561.7729842546174
6.970809698104858 -975.5314634215795 -568.6035676049661
6.99542498588562 -975.4023701637042 -574.4228089428591
7.0199644565582275 -975.2980608362578 -581.0018733764297
7.042036771774292 -975.2250177826679 -586.3158989718988
7.072876453399658 -975.0966370719647 -594.4132090439856
7.098739862442017 -975.0003515389373 -600.4861915980507
7.122621059417725 -974.920352004053 -606.3063148692788
7.143953800201416 -974.8333959878745 -612.6325358162659
7.169339895248413 -974.7603529342846 -617.946561411735
7.195758819580078 -974.695259080154 -624.7792153697559
7.221085786819458 -974.634986992996 -631.1057468123678
7.249902009963989 -974.5132485703461 -639.9624561381496
7.296252727508545 -974.3895766885205 -650.5907917808343
7.3416337966918945 -974.331806900827 -661.4727663251394
7.383336067199707 -974.2329606778878 -671.8482778910229
7.41978907585144 -974.1691362982965 -680.4525143888367
7.443634510040283 -974.1513212865959 -686.0200862007016
7.485758066177368 -974.0935514989025 -696.9020607450068
7.513199806213379 -974.0724973941655 -703.4819183408472
7.537267446517944 -974.0655959071171 -709.808733115149
7.56404185295105 -974.0853801416695 -716.1355207204754
7.5887298583984375 -974.1281321775169 -721.9560367698737
7.613523483276367 -974.174601781699 -728.2826846496545
7.637141942977905 -974.206403695013 -734.3563471891902
7.663585186004639 -974.2528732991951 -740.682995068971
7.686128616333008 -974.3102928274985 -746.7564694456041
7.7129950523376465 -974.3834469745939 -753.0828650457552
7.7371132373809814 -974.4664830963659 -759.1560432094789
7.758835315704346 -974.5425995413236 -764.7231231928923
7.78325343132019 -974.6344499388002 -770.5430715021436
7.8093812465667725 -974.7609687926731 -776.8686249007374
7.8320488929748535 -974.9064219156912 -783.4469083125302
7.856173753738403 -975.052974196913 -789.0125794925214
7.885584831237793 -975.2616286834591 -796.3487223228025
7.911901950836182 -975.4625687802331 -802.9255446812347
7.937270879745483 -975.6691166265601 -809.2489907991378
7.959836483001709 -975.8591406451809 -815.0665612276088
7.98706579208374 -976.111015502739 -821.8948813999523
8.010959386825562 -976.3501077946837 -827.7106418570039
8.036023378372192 -976.6123931910472 -833.7787218150057
8.058728218078613 -976.8746785874107 -839.8468017730075
8.08582091331482 -977.1865457865213 -846.4192981105481
8.108201026916504 -977.5000100978084 -852.4849496115329
8.13280200958252 -977.788153648889 -858.2984862383929
8.15872573852539 -978.1016179601761 -864.3641377393777
8.181449890136719 -978.4124097888963 -869.9230568514098
8.207664489746094 -978.7797092228383 -876.4926885292659
8.232486486434937 -979.1747152190624 -883.0607125486962
8.281450033187866 -979.9452527949368 -895.437314169539
8.335885763168335 -980.835148294814 -908.8206162038026
8.385668277740479 -981.8379090903826 -922.1959351954341
8.451695919036865 -983.1368877146386 -938.5942952472543
8.515608549118042 -984.3188072164459 -951.4467745656646
8.540036916732788 -984.8724047491178 -956.7323902430287
8.561772108078003 -985.3385986874376 -961.0092936821197
8.589073419570923 -985.8976723645686 -966.039776922088
8.612803936004639 -986.3819015638043 -970.3146759732988
8.638152837753296 -986.8630929406326 -974.3351464509252
8.659714698791504 -987.2989697319263 -977.8512509253119
8.69112515449524 -987.8372517432466 -982.1196806473201
7.510185241699219e-05 -988.3027736805379 -985.6319831083691
0.026237010955810547 -988.6564407919714 -988.1378763274241
0.05025291442871094 -988.9699841884448 -990.393846484995
0.0755002498626709 -989.2190566406125 -992.4030490417874
0.0971531867980957 -989.4172073242993 -994.417910899882
0.12595510482788086 -989.5472705646565 -996.4383107499508
0.14743924140930176 -989.5976354407194 -998.2091038469152
0.17441654205322266 -989.5807592563151 -999.9805326508466
0.19624710083007812 -989.4966663276248 -1001.7500447848378
0.22365069389343262 -989.2356953335769 -1004.5215854130795
0.24529790878295898 -988.9568442629782 -1006.5268719464896
0.2704026699066162 -988.3735386964048 -1009.7646948153663
0.2945065498352051 -987.9350514856798 -1011.7412223174973
0.32159924507141113 -987.1528914180182 -1014.6756426401536
0.3460044860839844 -986.3883773779361 -1017.0881308854167
0.37589550018310547 -985.2436127520269 -1020.1724875874671
0.39972996711730957 -984.1441667584662 -1022.7299789014254
0.4254331588745117 -982.810904690165 -1025.4585333279838
0.44695544242858887 -981.8461518384709 -1027.2384726347575
0.47448182106018066 -980.0151823491269 -1030.2717101759142
0.4983479976654053 -978.4529670423811 -1032.575842691439
0.5248925685882568 -976.4713090816629 -1035.20201367615
0.5470757484436035 -974.8508004062131 -1037.145858547483
0.570934534072876 -972.80009596522 -1039.3857711121052
0.5962886810302734 -970.6386939819774 -1041.5190639818954
0.623676061630249 -968.3721304243295 -1043.540273184478
0.6455235481262207 -966.0062106089495 -1045.444221825764
0.6699471473693848 -963.1459184910512 -1047.535084865822
0.6970059871673584 -960.6279897889216 -1049.2329164394635
0.7212193012237549 -957.3980882360925 -1051.227419829738
0.7463169097900391 -954.0948186143021 -1053.097905761399
0.7754073143005371 -949.8237729587221 -1055.3066853620196
0.7975959777832031 -946.3881446789655 -1056.921233638821
0.8239285945892334 -942.4349170877725 -1058.6186526877495
0.8491790294647217 -938.4266746429045 -1060.1817369204743
0.873507022857666 -934.6153008763494 -1061.5489084584372
0.8962781429290771 -930.5331105314513 -1062.9072021687425
0.9199967384338379 -926.1785936481725 -1064.2447469218368
0.9450206756591797 -921.5451836952553 -1065.530068097409
0.9688973426818848 -917.1285730711962 -1066.6455921216857
0.9965000152587891 -911.9520882706283 -1067.8490074392168
1.018892765045166 -907.2466829808723 -1068.83880508283
1.0459067821502686 -902.2747425406446 -1069.7865040133406
1.0675415992736816 -897.0400844651328 -1070.7044136763566
1.0950474739074707 -891.2907428472173 -1071.6128770924481
1.1191072463989258 -886.277222811593 -1072.3078172743744
1.144320011138916 -880.2477860358802 -1073.040128802026
1.1770341396331787 -873.4532470706051 -1073.763756862056
1.201918601989746 -867.9110465713433 -1074.2949695133514
1.2262351512908936 -862.3645621397344 -1074.7794111556946
1.249077320098877 -857.3171346976414 -1075.1559761844342
1.275195837020874 -851.0032377950306 -1075.5601280396183
1.2979660034179688 -845.4448695835089 -1075.8806215341856
1.3243000507354736 -839.3784615683799 -1076.1790872773263
1.349130630493164 -833.5621277216619 -1076.4037990958757
1.3710472583770752 -827.7441052326817 -1076.5794383158507
1.3977420330047607 -822.1780887081134 -1076.7122287641043
1.4195642471313477 -816.3579310845389 -1076.7896887836048
1.4471790790557861 -809.7782001518293 -1076.8356247173629
1.4712371826171875 -803.7044775462259 -1076.8524091158304
1.4970061779022217 -797.3776991756657 -1076.8298643013793
1.5210227966308594 -790.545633640695 -1076.719058860322
1.5498559474945068 -783.462134198369 -1076.529446997483
1.5783181190490723 -776.8845990019234 -1076.3533788391326
1.6037840843200684 -770.5604170284405 -1076.170744819519
1.6254913806915283 -764.9962651031227 -1075.974819816272
1.6515138149261475 -758.1691911616855 -1075.6911673562918
1.6738879680633545 -752.1023976532363 -1075.4006427761121
1.6982882022857666 -746.0368835042624 -1075.084531854999
1.7190229892730713 -740.7301537524316 -1074.7967425952745
1.7467968463897705 -733.6553390578056 -1074.398102350612
1.7671382427215576 -728.0979266390681 -1074.0614415970672
1.7873351573944092 -723.0470693716975 -1073.7340796128474
1.8120346069335938 -716.4809549241157 -1073.3085090333616
1.8323993682861328 -711.1782914925594 -1072.9535951725245
1.8541395664215088 -705.6239167659584 -1072.5700659671038
1.8858659267425537 -697.5472511017865 -1071.978133741603
1.9074270725250244 -691.7449555755851 -1071.5159633785388
1.9274578094482422 -686.4490344733913 -1071.0716403020322
1.957996129989624 -678.6312461796765 -1070.4157348081412
1.9793298244476318 -673.3353250774827 -1069.9714117316346
2.008145809173584 -665.7710789699648 -1069.320710506769
2.02913498878479 -660.4770790716807 -1068.8540538943164
2.0523886680603027 -653.4224903905622 -1068.1871989264282
2.0792863368988037 -647.6265073540583 -1067.6516473804204
2.1010348796844482 -641.8283169892709 -1067.1405472810675
2.1209890842437744 -636.7873608220483 -1066.6854803363185
2.140903949737549 -631.7464046548257 -1066.2304133915695
2.169893980026245 -623.9314524240253 -1065.5415393446156
2.190434217453003 -618.6374525257412 -1065.074882732163
2.2211740016937256 -610.8254753895837 -1064.3530523875436
2.2415308952331543 -605.7864834744992 -1063.8767274104807
2.268969774246216 -597.7273826474968 -1063.0806081539556
2.2930798530578613 -592.4397113125518 -1062.547002334479
2.31411075592041 -587.1498363345843 -1062.0357039534422
2.3382925987243652 -580.8523661227181 -1061.4270154045887
2.367758274078369 -573.8006528990911 -1060.730411055129
2.3881120681762695 -568.0069803041742 -1060.170417590184
2.4136850833892822 -561.709510092308 -1059.5617290413304
2.4339635372161865 -556.6725720754316 -1059.064154506002
2.454054594039917 -551.3849007404866 -1058.5305486865254
2.4803435802459717 -545.0900539131711 -1057.8953036633388
2.5044031143188477 -538.7952070858556 -1057.2600586401522
2.5273306369781494 -533.006464547774 -1056.6512116596414
2.54730486869812 -527.9739031177713 -1056.11116494193
2.579771041870117 -519.921804829767 -1055.2470901935915
2.6004180908203125 -514.3835308697154 -1054.6763934279356
2.6214170455932617 -509.0958595347704 -1054.142787608459
2.651952028274536 -501.29024946889916 -1053.3550837797077
2.674022912979126 -496.00257813395416 -1052.821477960231
2.703690767288208 -488.70372884680785 -1052.0538013326302
2.7251429557800293 -483.4183552250812 -1051.497897567816
2.7452428340911865 -478.1306838901362 -1050.9642917483393
2.77748966217041 -470.0715830631339 -1050.1681724918142
2.7980666160583496 -465.0346450462575 -1049.6705979564858
2.81949782371521 -459.4963710862059 -1049.09990119083
2.8454768657684326 -453.20425963176945 -1048.4381109946225
2.867434501647949 -447.91658829682444 -1047.904505175146
2.8913209438323975 -440.8648750731974 -1047.2079008256862
2.9167492389678955 -435.32198396660436 -1046.683943350917
2.9367928504943848 -430.5339979799272 -1046.2415312042149
2.9603631496429443 -424.4872076818257 -1045.6699412317394
2.9818367958068848 -418.9465758632616 -1045.1226092428783
3.0082919597625732 -412.3985564413223 -1044.4757623469516
3.0298707485198975 -406.8556653347292 -1043.9518048721823
3.0523414611816406 -401.31277422813616 -1043.427847397413
3.0742568969726562 -396.02078971654566 -1042.938865551058
3.0942161083221436 -390.4778986099526 -1042.4149080762886
3.1248185634613037 -383.17283316418786 -1041.7088293596187
3.1451761722564697 -378.3867558031696 -1041.24622606249
3.1742963790893555 -371.33216712205115 -1040.5793710946018
3.1953022480010986 -366.04018261046065 -1040.0903892482468
3.220460891723633 -359.7402010490434 -1039.508268002586
3.2412259578704834 -354.69924488182085 -1039.053201057837
3.267504930496216 -348.1460018644315 -1038.4616140296632
3.2891530990600586 -342.6009500804867 -1037.9610403904394
3.3090922832489014 -337.5599939132642 -1037.5059734456904
3.329803943634033 -332.51903774604165 -1037.0509065009414
3.3590686321258545 -325.4616991119301 -1036.4138127782928
3.3803868293762207 -320.16769921364596 -1035.9471561658402
3.400400161743164 -315.12486847530073 -1035.5133553492633
3.420759677886963 -309.8308685770166 -1035.0466987368106
3.4415268898010254 -305.0410591452357 -1034.6244856112583
3.4744560718536377 -296.7188974132168 -1033.9262636338906
3.4950714111328125 -291.4229763110229 -1033.481940557384
3.5152063369750977 -286.1289764127388 -1033.0152839449313
3.5739660263061523 -271.5047672715377 -1031.7572615768581
3.6202707290649414 -259.3976898432902 -1030.7671968467425
3.659104824066162 -250.3173817721046 -1030.0246482991558
3.7040109634399414 -238.71086714889617 -1029.124782991047
3.727332830429077 -233.41138632227518 -1028.725150303126
3.764101505279541 -223.56949335855046 -1027.9829753112726
3.789721727371216 -218.27001253192947 -1027.5833426233517
3.8164854049682617 -211.20517754388956 -1027.0355985227636
3.8409998416900635 -205.1496046969982 -1026.5661035794024
3.8622918128967285 -199.59866292068114 -1026.1357332146547
3.885138750076294 -194.29918209406014 -1025.7361005267337
3.9109511375427246 -187.48556388840456 -1025.2222870708354
3.931480646133423 -182.43925318266176 -1024.831041284701
3.9560208320617676 -176.13034743668436 -1024.3552880847951
3.981294631958008 -170.07284818855544 -1023.9113389156695
4.005969762802124 -163.5105573364158 -1023.4303939824501
4.030394554138184 -157.95784969229763 -1023.0234405774183
4.050988674163818 -152.65836886567664 -1022.6238078894974
4.072054862976074 -146.8560733394752 -1022.1616375264332
4.098108530044556 -140.80050049258384 -1021.692142583072
4.119780778884888 -135.50101966596284 -1021.292509895151
4.146512269973755 -128.94081574849722 -1020.7838903731764
4.175381660461426 -121.87598076045731 -1020.2361462725884
4.208268404006958 -113.54822517576716 -1019.6081520487126
4.230051040649414 -107.995517531649 -1019.2011986436808
4.250243186950684 -103.19926675105967 -1018.859853120988
4.282113552093506 -95.12017623963993 -1018.3019924585581
4.303482294082642 -89.56746859552177 -1017.8950390535263
4.324376583099365 -84.26798776890077 -1017.4954063656053
4.351823568344116 -77.45659736857732 -1016.9528585480953
4.377423524856567 -70.90335435118801 -1016.3612715199216
4.407190561294556 -63.34794732587337 -1015.6149097169292
4.428334712982178 -57.8096733658218 -1015.0442129512735
4.448253393173218 -53.027668660450075 -1014.5412524021558
4.4758219718933105 -45.98871125518518 -1013.7257797448408
4.5017783641815186 -39.71195471716117 -1012.9314497244966
4.524763345718384 -33.43860439038197 -1012.1106522486558
4.5447680950164795 -28.424178975711484 -1011.422275342616
4.573598384857178 -21.412362856336227 -1010.399361995342
4.59398341178894 -16.155130407108846 -1009.6210880771299
4.6140406131744385 -11.149816667366991 -1008.8693172537977
4.640769004821777 -4.89924507200102 -1007.8900381566802
4.660889387130737 0.09954889313343429 -1007.0960709670575
4.689405918121338 7.093109805993832 -1005.9550088451407
4.71003532409668 12.085028274384754 -1005.1189017891965
4.731310844421387 17.073375750512263 -1004.261746924849
4.7559123039245605 22.803624053149903 -1003.2397443769115
4.781511068344116 29.03215481688647 -1002.1288720421969
4.810028076171875 35.758968041721964 -1000.9291299207051
4.831493139266968 40.489048326385735 -1000.0649084115993
4.856324672698975 46.461571075417226 -998.9606620540545
4.877798557281494 51.18796411391998 -998.0764973851389
4.901844024658203 56.90938726579174 -997.0061927859251
4.926421880722046 62.38419978573727 -995.9939669581757
4.9480836391448975 67.36130207659684 -995.0737616602217
4.972443580627441 72.83179646335016 -994.0384528080352
4.9943437576293945 77.5544181709048 -993.134360709021
5.01809287071228 83.76839410189774 -991.9447658418972
5.042410612106323 88.73755676631228 -990.9826081528197
5.063104629516602 93.46017847386692 -990.0785160538055
5.0880982875823975 99.18160162573868 -989.0082114545918
5.108875751495361 103.66099368751229 -988.1800266864332
5.135483741760254 109.38688034789475 -987.1338638069892
5.156177759170532 114.12056372833453 -986.2896008326061
5.185467720031738 120.60065778875185 -985.1479571819824
5.2068846225738525 125.33786005048188 -984.3236677621632
5.227010488510132 130.0784969164138 -983.5193665614098
5.251917123794556 135.5696072316438 -982.5996487998711
5.272472381591797 140.56500788368695 -981.7846044270734
5.294181823730469 145.3154422961651 -981.0403523132641
5.314100742340088 150.06897360846867 -980.3161435180153
5.335326194763184 154.57375597423635 -979.6395497770163
5.355417490005493 159.3302996187754 -978.9353971843482
5.386099100112915 166.09779901989762 -977.9918140265323
5.406862497329712 170.8655452682498 -977.3680079448934
5.426956653594971 175.63588023714806 -976.7643171294318
5.452131509780884 181.66316129867238 -976.0144698041449
5.475335121154785 186.68848646813018 -975.4107878139581
5.499972581863403 192.72477305116874 -974.7372655104832
5.527348756790161 198.76384676717203 -974.0892094492293
5.5547754764556885 205.30907962905115 -973.4147496352725
5.5974884033203125 215.1331331595624 -972.4651954990611
5.624112129211426 221.6838226491724 -971.8459730288794
5.651528596878052 227.48201301395983 -971.3348729295263
5.672013759613037 232.2752136660393 -970.9530800209081
5.697758674621582 238.07940695233847 -970.5153870769947
5.718161582946777 243.38052623614774 -970.1381104466501
5.73822808265686 247.67315853788378 -969.8507992259725
5.767557859420776 254.74435871220254 -969.3924924480647
5.787879467010498 259.29133250935143 -969.117042740619
5.813853025436401 265.6088679281976 -968.7744364790422
5.834174633026123 270.4112503888572 -968.5343093924497
5.8551926612854 275.7191467927441 -968.2689057704264
5.8815178871154785 281.78594030119325 -967.9783811902468
5.9035539627075195 287.3482414932356 -967.735525875461
5.925913572311401 292.6581878921312 -967.5149072954764
5.948445081710815 298.474810902783 -967.2978092304728
5.973553657531738 304.0389628281008 -967.1018842272256
5.99407958984375 309.35058135776643 -966.926066388849
6.021036624908447 315.6747633312494 -966.7434323692354
6.041219472885132 320.73440579005364 -966.6079953243504
6.069058656692505 327.3119409864992 -966.4319271659999
6.089726686477661 332.11886198016134 -966.3133992078792
6.111050844192505 338.19106442910703 -966.176485275543
6.137128829956055 344.01052221391575 -966.0575487012629
6.158052682876587 349.0714733424642 -965.9861436698804
6.180850267410278 354.63880135824337 -965.9310798919939
6.199951171875 359.9529463441041 -965.8673116692637
6.2181477546691895 363.7487641911474 -965.8217629387422
6.2462944984436035 370.83445439304825 -965.7516817668866
6.2725138664245605 377.41402386624185 -965.6866063930207
6.297801494598389 384.2460894012126 -965.5758009519635
6.324115991592407 389.81313564261586 -965.4972554174427
6.344141960144043 394.8745090469191 -965.468545379587
6.375340223312378 402.7195265285798 -965.4075000300754
6.398402690887451 409.04615352991914 -965.3582699095016
6.42731785774231 415.37278053125846 -965.3090397889277
6.447830677032471 420.18101705227633 -965.2716248972916
6.473798036575317 426.7608024778706 -965.2343018480792
6.497384309768677 432.581438578786 -965.2135606187842
6.517478704452515 437.6428880560729 -965.2061990337347
6.535977840423584 443.9697052394483 -965.2103399264893
6.567616701126099 449.79037704815363 -965.2141495478235
6.588096618652344 455.104903482189 -965.2176278977373
6.61398720741272 461.4316469212834 -965.2484544240291
6.634314060211182 466.49297840798306 -965.2837897576891
6.653043746948242 471.3013034216948 -965.3072179176709
6.681113004684448 478.3873131282321 -965.326799715883
6.7001612186431885 482.9425114662618 -965.358601516177
6.718306541442871 487.4977098042915 -965.3904033164711
6.745769500732422 494.33059271851346 -965.4236959648662
6.7660300731658936 499.3919242052131 -965.4590312985262
6.7969701290130615 506.9839214352626 -965.5120342990162
6.818048477172852 512.5513860706322 -965.5509031660423
6.835883140563965 516.8535716092165 -965.5718652039208
6.858119010925293 522.6741755731833 -965.6002256081092
6.8782336711883545 527.7355070598829 -965.6355609417692
6.899948358535767 533.8092296654863 -965.6523453402368
6.926039218902588 539.6298336294532 -965.6807057444253
6.944470405578613 544.1850319674828 -965.7125075447193
6.971966028213501 550.7647629001924 -965.7584434784774
6.992270469665527 556.3322275355621 -965.7973123455034
7.010035753250122 561.1406085949274 -965.8004594239969
7.041268825531006 568.4797165276428 -965.8052628595922
7.060300827026367 573.0349148656725 -965.8370646598862
7.09194016456604 581.1327347460372 -965.9277575238297
7.112339496612549 586.1940662327368 -965.9630928574896
7.1341516971588135 591.508530721576 -965.9889871395748
7.152381420135498 596.0638226757785 -966.0015754384254
7.186486482620239 604.4151240153831 -966.0422664531307
7.207478761672974 609.7294320121675 -966.0905762067155
7.228175401687622 614.7907634988671 -966.1259115403755
7.24602484703064 619.3459618368968 -966.1577133406695
7.262991905212402 623.3950270262565 -966.1859816075976
7.281352758407593 627.9502253642861 -966.2177834078916
7.307032823562622 634.5299562969957 -966.2637193416497
7.328028678894043 639.5910937222236 -966.3204023816143
7.348036766052246 644.9051506828785 -966.3911267472452
7.37585711479187 650.978515593152 -966.4591463952028
7.395026683807373 656.0396530183799 -966.5158294351673
7.423996210098267 663.3781126307128 -966.6134964162767
7.4444146156311035 668.4389659544196 -966.6915261541276
7.461416482925415 673.5002974411192 -966.7268614877876
7.491347789764404 679.8268545801483 -966.784373099198
7.508423089981079 684.1284304631761 -966.859770300663
7.537287473678589 690.960345100926 -966.9795187971073
7.557696342468262 696.0208242881164 -967.0788938446582
7.587545156478882 703.1054951501828 -967.2180189112295
7.608300447463989 708.6715116747512 -967.350809359483
7.62601637840271 712.9722984792794 -967.462490501269
7.649675369262695 718.5383150038477 -967.5952809495226
7.667792081832886 722.839101808376 -967.7069620913086
7.691756010055542 728.6578133674436 -967.8580601066661
7.715421438217163 734.4765249265113 -968.0091581220237
7.735947132110596 739.5353415687503 -968.1725569722886
7.759686708450317 745.1000398752132 -968.3522957075801
7.781107187271118 750.4121473651516 -968.5126619519052
7.798837423324585 754.9650823431666 -968.6597209171437
7.8219428062438965 760.7823122566634 -968.8598982170308
7.840914011001587 765.0820039318568 -969.00785535173
7.858018398284912 769.1284698905115 -969.1556431998386
7.881216764450073 776.2086314666884 -969.4441376767193
7.908196210861206 781.5182845273964 -969.6717067692892
7.928382635116577 786.5746286454362 -969.899103260087
7.9579455852508545 793.9056159428937 -970.2442895366923
7.982517957687378 800.2241212333573 -970.5685174090771
8.002423286437988 805.0271818765192 -970.7946739351289
8.035038471221924 812.3581691739768 -971.1398602117342
8.054211378097534 816.9059249834037 -971.4020821618346
8.0859215259552 824.9887860302839 -971.9023513965727
8.106471538543701 829.7873476762682 -972.2095068065128
8.12645149230957 834.3327296582322 -972.5100827392267
8.159188747406006 842.4134087372794 -973.0444399529404
8.179733276367188 847.4638331616839 -973.3784132115114
8.201120853424072 853.0193000285288 -973.7457837959396
8.22733449935913 859.3331969311397 -974.1499356511239
8.248350381851196 864.3836213555442 -974.483908909695
8.26763105392456 868.9276951160881 -974.8036539831934
8.285089254379272 873.471768876632 -975.1233990566918
8.311754703521729 879.7820318389348 -975.5807984067537
8.330305337905884 884.5763228009537 -975.9486468642331
8.348364353179932 888.6129581953494 -976.2669277076893
8.366117715835571 892.9011605774226 -976.6141454287474
8.401737928390503 901.4760817479988 -977.3266664320473
8.422263622283936 906.7714166956035 -977.7779214704184
8.443901300430298 911.5606693482493 -978.2064040783395
8.475035905838013 919.121203599326 -978.8989018021163
8.496440172195435 924.1595676895641 -979.3818223942029
8.520298480987549 929.697089864669 -979.9597682525126
8.539783000946045 934.2277898261184 -980.4326330456751
8.593775033950806 945.8062452831558 -981.6410652948681
8.638015985488892 955.1085837446168 -982.711213170083
8.680986642837524 963.1518796575616 -983.6537113754953
8.718250036239624 968.9285970017098 -984.3676942490224
8.752463817596436 974.1943201975408 -985.0862779545607
8.789182186126709 978.4545570032 -985.6859630178585
8.822468996047974 982.7095834881404 -986.3215646445791
7.843971252441406e-05 985.2084586792213 -986.7218196013454
0.032614707946777344 988.2050563684317 -987.2147691834341
0.05356788635253906 989.4540691290238 -987.4175312031322
0.07467031478881836 990.7047478798014 -987.6097497639092
0.10240483283996582 992.4609836285081 -987.841872162575
0.12460613250732422 993.7197856086557 -987.9705690449398
0.14687037467956543 994.7295797776654 -988.0416235057172
0.17170214653015137 996.5002822743115 -988.0950789204923
0.1919574737548828 998.2716639362651 -988.0738228462488
0.21805167198181152 1000.040573853542 -987.9778930930073
0.23972177505493164 1001.8038655128645 -987.8074602993283
0.2669961452484131 1004.3110782201998 -987.4632718463084
0.288501501083374 1006.055066834046 -987.1522275925884
0.31124424934387207 1008.2784807586988 -986.6581209917598
0.34194397926330566 1011.695789409487 -985.7227168880493
0.3734445571899414 1014.8188213530988 -984.6881088495164
0.3917043209075928 1016.7106147180788 -983.9669640201877
0.4188687801361084 1019.5001689454132 -982.7665540009763
0.4409005641937256 1021.7758999877802 -981.6594724891522
0.465717077255249 1024.2228340310157 -980.3320475000156
0.4858212471008301 1026.1772946296142 -979.1625199963421
0.507526159286499 1028.2951185422405 -977.7770947453366
0.5288517475128174 1030.352640640471 -976.3036009155875
0.5474255084991455 1031.9527350920866 -975.0631857646969
0.5722692012786865 1034.2722865514063 -973.1030128057388
0.5943756103515625 1036.127405254584 -971.3816424655342
0.6114039421081543 1037.9082902352436 -969.5835796366331
0.6417956352233887 1039.9429794114462 -967.3291091982138
0.6613240242004395 1041.4000372850182 -965.5784826913928
0.6797764301300049 1043.2477169332294 -963.1683630016162
0.7067441940307617 1044.992127473798 -960.6824770695156
0.7242915630340576 1047.1761788055471 -957.2728366511012
0.7524557113647461 1048.5927255895783 -954.8763937616545
0.7707276344299316 1049.9584215870464 -952.4506118761116
0.8001375198364258 1052.1746522006388 -948.1834277713954
0.8195412158966064 1053.47687466978 -945.4399238726692
0.8478116989135742 1055.4003035125716 -941.0330020668183
0.8683340549468994 1056.6267470535151 -937.9802035875384
0.885859489440918 1057.7885409654102 -934.9022209331852
0.904613733291626 1058.8068486332502 -932.041164048906
0.9284279346466064 1060.243470238927 -927.7183222040784
0.9476318359375 1061.3567713370016 -924.089153087075
0.9648611545562744 1062.2044560140514 -921.1729864783646
0.9819357395172119 1063.0760450656792 -918.0005938735159
1.000257968902588 1063.9496689909327 -914.5669718079391
1.0178205966949463 1064.7652409197474 -911.1190997568154
1.0526204109191895 1066.279816493585 -904.1968184970647
1.0735318660736084 1067.1594140526788 -899.7272378246385
1.1045098304748535 1068.2935170003807 -893.245819788369
1.1249282360076904 1068.9724057336146 -888.9974848317862
1.1582059860229492 1069.9575708406992 -881.9802655306852
1.1786575317382812 1070.5146961601836 -877.4591534294782
1.1985063552856445 1070.995816437333 -873.183903367277
1.2302706241607666 1071.6933948483497 -865.8780213068052
1.2517378330230713 1072.0696103575742 -861.0843796632544
1.2703313827514648 1072.3700313169848 -856.7926449251115
1.297276496887207 1072.7602608073266 -850.2243353859886
1.322615146636963 1073.044176559449 -844.410590752487
1.3434593677520752 1073.23819372841 -839.6061245329872
1.3627800941467285 1073.371403015524 -834.7995879834547
1.3803319931030273 1073.4445542646727 -831.0042017436191
1.3980982303619385 1073.5035189349817 -826.4492740360757
1.4307267665863037 1073.5554361529007 -818.6041908354498
1.451296329498291 1073.556761238658 -814.0488816804705
1.4786386489868164 1073.4990470296436 -806.9630799560331
1.4981005191802979 1073.4091856801094 -802.1555376261075
1.5167558193206787 1073.2952401891212 -797.6016536049258
1.5502166748046875 1073.0335233929607 -789.254354991472
1.571901559829712 1072.8003764901148 -783.6916384090271
1.5912456512451172 1072.5904247969509 -779.1411699122865
1.6134631633758545 1072.2339799835752 -772.0641038462546
1.6407105922698975 1071.877295549489 -766.0008403503863
1.6620614528656006 1071.5587494683307 -760.9494194217524
1.6829769611358643 1071.1169451614585 -754.3843772885065
1.7087159156799316 1070.6835689937702 -748.3261124293963
1.7267906665802002 1070.3856449151197 -744.0342036397323
1.7496745586395264 1069.9209035519834 -737.7244771572105
1.7749383449554443 1069.468860803814 -731.9213838293637
1.792980670928955 1069.0561261207029 -726.622907312634
1.8220949172973633 1068.4909155560792 -719.5594482431978
1.8402924537658691 1068.1387085211509 -715.2716527699993
1.8662505149841309 1067.5862101327236 -708.7149985326881
1.884723424911499 1067.128793999221 -703.420192228602
1.902036428451538 1066.771779496939 -699.386798044077
1.93088960647583 1066.0131236795894 -690.8158354019613
1.9547889232635498 1065.5668555517368 -685.7740926713051
1.9784493446350098 1065.0313337983137 -679.7240013945176
1.996415376663208 1064.6296924832463 -675.186432936927
2.0149900913238525 1064.228051168179 -670.6488644793363
2.031898260116577 1063.8072745677307 -666.1130304539552
2.058514356613159 1063.1229788343774 -659.060112167368
2.080465316772461 1062.6341961676965 -654.0223133912342
2.0989339351654053 1062.1454135010156 -648.9845146151005
2.117807149887085 1061.6709778155114 -644.1995956924345
2.1423749923706055 1061.0589453175537 -638.1567648800343
2.164586305618286 1060.4979155277592 -632.6175033020008
2.1817963123321533 1060.0553665041634 -628.3380886017002
2.204775333404541 1059.4566237075337 -622.5482922424699
2.2229301929473877 1058.9465966259022 -617.512599898803
2.2407374382019043 1058.538574960597 -613.4840460238696
2.267271041870117 1057.8755397544762 -606.9376459771028
2.2877206802368164 1057.328861548858 -601.651310170849
2.3065977096557617 1056.834247934251 -596.8684349175718
2.337885856628418 1056.0272467735763 -589.0647963464353
2.3558075428009033 1055.5491105929152 -584.5346496549877
2.384888172149658 1054.7941740232518 -577.2344716368277
2.4055652618408203 1054.2474958176335 -571.948135830574
2.426565647125244 1053.7008176120153 -566.6618000243202
2.4513442516326904 1053.0887851140576 -560.61896921192
2.47648286819458 1052.4257499079367 -554.0725691651531
2.4957146644592285 1051.8944874849801 -549.0390728413225
2.5224077701568604 1051.217141768799 -542.748616927828
2.541842460632324 1050.6858793458423 -537.7151206039974
2.558953285217285 1050.094626870531 -532.4335844801584
2.586916208267212 1049.4316408950872 -526.3961315733264
2.604856491088867 1048.9726165216189 -521.8640084640263
2.6295325756073 1048.321809133978 -515.5707515518194
2.6474287509918213 1047.8967991956126 -511.5439544927549
2.664686441421509 1047.4186630149516 -507.01380780130734
2.6956355571746826 1046.5787543268868 -499.21364246857416
2.728060007095337 1045.6947730262948 -491.16370525946485
2.7524096965789795 1045.04721079143 -485.37916569526016
2.7727673053741455 1044.416135980302 -479.84744644735224
2.7924256324768066 1043.918896498719 -475.3193567672282
2.816535711288452 1043.281381591171 -469.27916117863145
2.8353540897369385 1042.7841421095882 -464.7510714985075
2.852509021759033 1042.2869026280052 -460.22298181838346
2.869983434677124 1041.8804951982966 -456.4487082702868
2.888247489929199 1041.3455524825388 -451.67017558681334
2.9108810424804688 1040.6571072340357 -445.63557277091377
2.934680700302124 1040.0095449991709 -439.8510332067091
2.977324962615967 1038.75328150842 -429.04166183862833
3.015887498855591 1037.730741457809 -420.2433363064696
3.037736177444458 1037.123004313652 -414.70900447520694
3.0725016593933105 1036.081273761913 -405.4034408284429
3.110543727874756 1035.142043630034 -396.8503825437642
3.144420623779297 1033.779647907455 -385.5438955461083
3.1985411643981934 1032.5303364283175 -374.98851615472637
3.2188663482666016 1031.9990740053609 -369.95501983089576
3.2607476711273193 1030.8388485483338 -359.3894772439398
3.2867519855499268 1030.215690489447 -353.6022578035248
3.320114850997925 1029.276460357568 -345.04919951884614
3.366992473602295 1028.0572380684418 -333.726378874556
3.3949429988861084 1027.394202862321 -327.1799788277891
3.428093671798706 1026.535137110635 -318.87287970367606
3.4507064819335938 1025.9507484453827 -313.33603374746235
3.487992763519287 1024.9482767854345 -304.0261589954905
3.534254312515259 1023.4560681572679 -290.6965678258015
3.5783050060272217 1022.5168380253889 -282.1435095411228
3.618645668029785 1021.4543131794755 -272.07651689346153
3.6568808555603027 1020.4980408181535 -263.0162235105664
3.6927669048309326 1019.5417684568315 -253.9559301276713
3.7335076332092285 1018.4851091395888 -244.14281890261987
3.7657628059387207 1017.6993881088184 -236.84589004296623
3.7893447875976562 1017.0618732012704 -230.80569445436947
3.8153553009033203 1016.4110658136294 -224.51243754216262
3.8389275074005127 1015.8123230169998 -218.7226411829323
3.8644068241119385 1015.2002905190421 -212.6798103705321
3.8879106044769287 1014.662629585693 -207.13823171678501
3.9157145023345947 1013.9783338523396 -200.0853134301978
3.9435174465179443 1013.2940381189861 -193.0323951436106
3.9685609340667725 1012.7330026517216 -186.98461644310237
3.9924862384796143 1012.207567815007 -181.18770752107858
4.0176451206207275 1011.6098713466331 -174.88918453941528
4.041686296463013 1011.0955888349739 -169.34538739728276
4.067316055297852 1010.5600670815508 -163.29529612049527
4.090852499008179 1010.0245453281276 -157.24520484370777
4.11672830581665 1009.4800023120529 -150.94186400551
4.140019416809082 1008.9790227372641 -145.1427904343681
4.166425466537476 1008.4344797211894 -138.83944959617034
4.190337181091309 1007.924481208795 -132.7871533771139
4.215596675872803 1007.4235016340062 -126.98807980597196
4.23747181892395 1006.9660855005035 -121.69327350188586
4.2645423412323 1006.4412471190674 -115.13434722312371
4.288141965866089 1005.9892043708979 -109.33125389527694
4.314590692520142 1005.4978535576703 -103.02354375631306
4.338336229324341 1004.9799020357168 -96.71796217807992
4.367944717407227 1004.4274036472896 -90.16130794076875
4.389642953872681 1003.9833096322283 -84.61144724335463
4.4187140464782715 1003.447896822807 -77.545667022355
4.44281005859375 1002.9889715575888 -71.48928397578389
4.4681432247161865 1002.5124561573916 -65.6881489238094
4.489991188049316 1002.0359407571945 -59.887013871834895
4.515967845916748 1001.5514745589458 -53.832620383746765
4.538883209228516 1001.0670083606971 -47.778226895658634
4.563546657562256 1000.6229143456358 -42.228366198244515
4.591447353363037 1000.0922554673499 -35.41603924816352
4.615692377090454 999.6333302021317 -29.359656201592415
4.640693664550781 999.1744049369134 -23.30327315502131
4.66489315032959 998.6495665554773 -16.744346876259165
4.70973539352417 997.7129525678289 -5.902600634559041
4.757504224777222 996.735455419073 5.697633785299166
4.798581600189209 995.9705799770426 15.791605529584345
4.840866804122925 995.2057045350122 25.885577273869522
4.867493629455566 994.7467792697939 31.94196032044063
4.899616241455078 994.0588881312752 40.77275451499006
4.9312660694122314 993.523475321854 47.83853473598969
4.958056688308716 993.0503017851736 54.65509575486781
4.9802634716033936 992.6599190401391 59.95526600018615
5.007365465164185 992.2217953950646 66.26689657322144
5.031750917434692 991.8102972624807 72.58031894985102
5.057482004165649 991.4317189805035 78.38866753635023
5.0815629959106445 990.9899146736313 84.95370966959617
5.106786012649536 990.5868409201628 90.76040979678864
5.130840301513672 990.2082626381856 96.56875838328784
5.158203840255737 989.7350891015052 103.38531940216596
5.184771537780762 989.2969654564307 109.69694997520125
5.210000038146973 988.889146096241 115.75698886742826
5.231653213500977 988.4918846091933 121.3103983216126
5.257364511489868 988.027143246057 127.62012480413443
5.2827959060668945 987.5937670783686 133.67838966324462
5.306005239486694 987.2199326648614 139.23342531445272
5.329834699630737 986.8413543828842 145.04177390095194
5.354654550552368 986.4590990854942 151.10347901531264
5.3805036544799805 986.074233786149 157.4185808767403
5.406232833862305 985.7201577107513 163.22847458925372
5.4301183223724365 985.3379024133613 169.29017970361443
5.455611705780029 984.9530371140161 175.60528156504208
5.4799723625183105 984.5989610386184 181.4151752775555
5.504918575286865 984.2140957392731 187.73027713898315
5.5285866260528564 983.8871350080275 193.28826867686251
5.558223724365234 983.4406912607869 200.6137868361186
5.582591533660889 983.1137305295413 206.17177837399797
5.604898929595947 982.7596544541436 211.9816720865114
5.631631374359131 982.3773991567537 218.0433772008721
5.652863264083862 982.050438425508 223.60136873875146
5.67898154258728 981.6937539914218 229.66463223461986
5.702774524688721 981.3641864217859 235.47596771236647
5.730183124542236 981.0059608026165 241.79263670991713
5.751700162887573 980.6826739511664 247.09732227351637
5.777342796325684 980.2978086518211 253.41242413494402
5.80296516418457 979.9395830326517 259.7290931324947
5.828141450881958 979.6360680762219 265.28841430743495
5.852071046829224 979.3310148755122 271.101088163984
5.877375602722168 979.0254907497616 277.1671447920113
5.901569843292236 978.7204375490519 282.97981864856035
5.926457405090332 978.3888579830631 289.2979424056789
5.954492568969727 978.0578735134999 295.86950375270845
5.9783265590667725 977.7267662883037 301.93421776173415
6.001450061798096 977.3956590631075 307.99893177075984
6.02839732170105 977.1155952811694 313.5594836797849
6.050264596939087 976.8594560855357 318.86783521575524
6.077441930770874 976.5561925287435 325.44073415549155
6.1013877391815186 976.2762569378584 331.50802548447894
6.124270677566528 976.0196493128803 337.0697092027174
6.147819519042969 975.7630416879023 342.6313929209558
6.172919511795044 975.45977813111 349.20429186069214
6.199485540390015 975.179842540225 355.2715831896795
6.224786281585693 974.9238339222746 361.0866235511394
6.248793840408325 974.692354645631 366.9026919966064
6.27442741394043 974.4407467362357 373.2245055242879
6.298018932342529 974.2069997372377 378.5338902021426
6.3226845264434814 973.9287295003352 384.85458624720764
6.344788312911987 973.6727208823849 390.6696266086675
6.374024152755737 973.3721890265301 397.4959783373378
6.399465560913086 973.1390421236842 403.0586949197828
6.424727916717529 972.887434214289 409.3805084474643
6.448493957519531 972.6559549376453 415.1965768929313
6.474130868911743 972.399946319695 421.0116172543912
6.498050689697266 972.1439377017447 426.82665761585105
6.521966457366943 971.8656674648422 433.1473536609161
6.547304630279541 971.6319204658441 438.4567383387708
6.5714850425720215 971.3775783900122 444.5251564287108
6.59446120262146 971.1662277461202 449.8354797919632
6.620641469955444 970.9146198367249 456.15729331964474
6.643519401550293 970.6363495998224 462.4779893647098
6.6697046756744385 970.3797419748444 468.03967308294824
6.693518161773682 970.1231343498663 473.6013568011867
6.718188762664795 969.8431987589812 479.66864813017406
6.745243310928345 969.5138769360237 486.4936715335645
6.771608114242554 969.2083528102731 492.5597281615918
6.79727029800415 968.9523441923228 498.37476852305167
6.82044792175293 968.7208649156792 504.1908369685187
6.845529317855835 968.4893856390355 510.0069054139857
6.871781587600708 968.2606416031236 516.0763423048253
6.897674560546875 968.0357004974604 522.3991608470444
6.92191481590271 967.8494870648115 527.9636462511421
6.945767164230347 967.6463451382853 534.0339939647032
6.971269845962524 967.4639364621734 539.8518081498377
6.996489763259888 967.2923404949166 546.1762992473781
7.020391464233398 967.1530737837089 551.7421574954891
7.045840263366699 966.9952054938327 557.5606893052263
7.067507028579712 966.817669290684 563.631839847127
7.094351291656494 966.6598010008078 569.4503716568643
7.115973472595215 966.5205342896 575.0162299049753
7.142785310745239 966.3686069682825 581.0880752665508
7.171379327774048 966.23176492027 587.6665434401275
7.1973557472229 966.1310630155511 593.7394543675358
7.219559907913208 966.0222834871678 599.5591108721825
7.246526002883911 965.9040448693597 605.8848244641898
7.270262241363525 965.827137366959 611.1987955360958
7.295565843582153 965.752051085683 617.2720771907051
7.31952977180481 965.6769648044069 623.3453588453144
7.344936370849609 965.6316179258955 628.9127744859438
7.368693590164185 965.6077664432296 634.9864734505472
7.394300937652588 965.5726334795254 640.8070404755658
7.418122291564941 965.527286601014 646.3744561161952
7.4407103061676025 965.4921536373098 652.1950231412138
7.4668214321136475 965.4683021546439 658.2687221058172
7.4882590770721436 965.4362242312618 663.5831528677907
7.5126731395721436 965.4010912675576 669.4037198928092
7.537405252456665 965.3772397848917 675.4774188574127
7.568125486373901 965.3648171125844 682.3103715864396
7.592965364456177 965.380000372528 688.6371719063062
7.617984771728516 965.4051033013438 694.2047156284408
7.640387535095215 965.4324883145974 700.2783996889513
7.667953252792358 965.4710075407955 706.0989452894156
7.69695258140564 965.5627303612763 713.1843883900385
7.7208380699157715 965.6651421100845 718.4979291258082
7.7463600635528564 965.7949906229619 724.5702867708711
7.772436141967773 965.9634053541308 731.1480223793606
7.794613361358643 966.1059101266584 736.7137986634671
7.820932626724243 966.248414899186 742.2795749475736
7.842602729797363 966.4180522711442 747.5913944549565
7.864574670791626 966.6075029584799 753.1557705827881
7.891323804855347 966.8141764355734 759.2259990858772
7.915299415588379 967.0208499126668 765.2962275889663
7.938836097717285 967.2128903213169 770.607284338656
7.9644455909729 967.4681760699495 776.9289504169452
7.992491722106934 967.7475379396684 783.5029086007651
8.01464319229126 967.9843737737308 788.8121563916186
8.044074296951294 968.2888769889539 795.638332122716
8.065864562988281 968.5257128230163 800.9475799135695
8.085768461227417 968.7602519225957 805.7502385238535
8.112439632415771 969.0948873991471 811.8147588761717
8.132809162139893 969.3699317391693 816.6152681124078
8.161711692810059 969.7603397951459 823.6905418567791
8.182503938674927 970.0353841351681 828.4910510930151
8.20257019996643 970.3355606662003 833.5435968923405
8.229687452316284 970.6930167406354 839.3532836285356
8.25045394897461 971.0417604335464 844.6563564315087
8.271423578262329 971.3845478324549 849.7061902706772
8.291380405426025 971.7203124341492 854.5028349780133
8.312316179275513 972.0479879214791 859.0463437573923
8.344453573226929 972.6618132260035 866.8675485442384
8.369885444641113 973.1753327351021 872.9195470339627
8.392668724060059 973.6552230180341 878.7204038787934
8.421613216400146 974.2115358195575 885.2767355759946
8.442224264144897 974.634951189917 889.8123240358788
8.469547271728516 975.313105014508 896.6115522795911
8.490205764770508 975.8048184708291 901.649065840956
8.525528192520142 976.6255490983549 909.7056974725649
8.545931100845337 977.1254228314318 914.2334971042039
8.572760581970215 977.889555036316 921.0236001441705
8.593554019927979 978.3887034678846 925.2967828758937
8.614652872085571 979.007731600645 930.3202407661236
8.64174509048462 979.7119635919692 935.8431232161953
8.66402268409729 980.3521744931729 940.8639254435333
8.684629678726196 980.9053528253448 945.1304502059425
8.71041226387024 981.5638141356087 949.8935339779384
8.731974124908447 982.1436735859828 953.9009634558471
8.764567375183105 983.0136513961309 959.6562543631534
8.785407066345215 983.5190942902218 962.9071419027384
8.805471897125244 984.1022976295575 966.658165986875
8.830824613571167 984.6214478373245 969.9068927183795
8.851312637329102 985.0365969025178 972.4033366902491
8.879849910736084 985.6325419582232 975.8958757011366
8.900635004043579 986.068735399647 978.3887287920094
8.926340579986572 986.5154394826156 980.8797199026468
