time x y
7.510185241699219e-05 0.0 0.0
0.038958072662353516 0.0 0.0
0.06366634368896484 0.0 0.0
0.08525919914245605 -0.25304516550463274 -0.0037358700309992874
0.11157441139221191 -0.5059912906551634 -0.011740261418705945
0.13851332664489746 -0.5059912906551634 -0.011740261418705945
0.16072797775268555 -0.5059912906551634 -0.011740261418705945
0.19083547592163086 0.2484892682044043 0.07294385098943008
0.21333813667297363 1.2503887638636266 0.21761727895836902
0.24331283569335938 2.9948279284639288 0.526124675962426
0.2711613178253174 4.726301939316894 0.9006144124551184
0.29346370697021484 6.688516823432417 1.3992573199605347
0.31470561027526855 8.874482315364897 2.03899608023928
0.3417978286743164 10.795931007905532 2.676935671880868
0.3708455562591553 13.639711217382729 3.742539313789159
0.3916664123535156 15.507237815656849 4.524380989186837
0.41957521438598633 18.256585226216956 5.814220443347248
0.44516992568969727 20.49539019495561 6.994192291726124
0.46607017517089844 22.682448956287125 8.267516769421658
0.4908447265625 24.813871199368357 9.63192890390087
0.5115959644317627 26.47635505191391 10.787385281560905
0.5399048328399658 29.28878828394283 12.942193525319464
0.5631246566772461 31.217226444844314 14.581006361061986
0.5883653163909912 33.25661728367918 16.475848919219594
0.6232011318206787 35.89181596717612 19.20825366838853
0.645017147064209 37.550177126549734 21.119907276157612
0.6810283660888672 40.342158357329595 24.719307790168713
0.7020514011383057 41.930079589346576 27.005800623010856
0.7259111404418945 43.70280773783973 29.777294304359653
0.754418134689331 45.62542450470404 33.05049649526647
0.7752828598022461 47.422432265224984 36.39430733372796
0.7976770401000977 48.774710591559014 39.11348741779551
0.8258457183837891 50.874331561656675 43.7189099593207
0.8487691879272461 52.130907412700424 46.75942956043988
0.8733456134796143 53.47660290399834 50.30899452807823
0.8951785564422607 54.80768166341694 54.13312283905636
0.9159402847290039 55.88733068716756 57.50763572797897
0.9444155693054199 57.24594260451652 62.12008756774961
0.9652414321899414 58.29963081705067 66.02975112787423
0.9916543960571289 59.563194449568186 71.19188346476349
1.0146238803863525 60.43441846002555 75.14620979502537
1.0412006378173828 61.41897109116864 80.11098382015193
1.0700690746307373 62.442640457507686 85.84093459186815
1.0921025276184082 63.15851957911752 90.33964111002796
1.1130585670471191 63.77183332839141 94.5979372552469
1.1435182094573975 64.61359981539256 101.12376275385066
1.1648280620574951 65.12005843505197 105.6508305598221
1.1859986782073975 65.58405392605921 110.43677315250864
1.2091975212097168 65.987454306778 115.22820367470158
1.2337009906768799 66.40761236999899 121.28739959559404
1.2557430267333984 66.66520407510389 125.83542001845403
1.2813527584075928 66.93190223399624 131.9033076325989
1.305119514465332 67.1092651521117 137.21487479420537
1.3256514072418213 67.2324830986306 141.7685173571374
1.3480608463287354 67.33612826541788 147.3351528701126
1.3688204288482666 67.3825054663695 151.89022613061263
1.399695873260498 67.41079229685938 159.2292811226577
1.4240999221801758 67.3701566362159 165.30289098409378
1.4584591388702393 67.21351182078931 173.39970359228715
1.4791362285614014 67.07709818154846 178.7124801390664
1.5085875988006592 66.82683432469032 186.047321399993
1.5312409400939941 66.60080975719397 191.35704043322505
1.5533418655395508 66.35355885387929 196.41245258208812
1.5803632736206055 65.97659779134364 203.2350105831047
1.6029927730560303 65.634279163157 208.79207736439423
1.6258964538574219 65.17433447952693 215.35587353314182
1.653559684753418 64.72421834868503 221.41291765338772
1.674722671508789 64.2881967456788 226.96341838905357
1.700883388519287 63.703468932959076 234.02528856578394
1.7239527702331543 63.28580620958784 239.0694815491628
1.7456080913543701 62.79326157232634 244.86927763162785
1.7711217403411865 62.19500293798074 251.42191495283646
1.7919299602508545 61.71354796700953 256.46041930581555
1.821615219116211 60.85240832865633 265.276005437673
1.8486316204071045 60.26208707980497 271.0666665088312
1.8749663829803467 59.54043550163057 277.86141568151015
1.8960564136505127 58.88623134363528 283.899826476207
1.920464277267456 58.30266117389333 289.1822169553335
1.9444804191589355 57.58141665402445 295.4677908480983
1.966036319732666 56.87629780480178 301.50046814879323
1.989964485168457 56.229938859681 307.03042234109694
2.0118629932403564 55.58357991456022 312.56037653340064
2.0390758514404297 54.77601011338423 319.3454504708115
2.0614826679229736 54.063707649000705 325.1223752597546
2.0877487659454346 53.18172705875206 332.1533088568231
2.1209864616394043 52.173749241325034 340.18866153918714
2.141913890838623 51.504071437080285 345.7158402854751
2.1635148525238037 50.898226040390426 350.9957223553975
2.1918725967407227 50.105280566074136 358.037253047138
2.213667631149292 49.48225197911133 363.5698843049341
2.2485663890838623 48.4725096512949 372.3696877548048
2.270961284637451 47.82615070617412 377.8996419471085
2.293729543685913 47.16260574789475 383.6823699284521
2.3190484046936035 46.441361228025876 389.96794382121686
2.3404219150543213 45.83551583133602 395.24782589113926
2.3643243312835693 44.99887218828812 402.5390916067464
2.390871047973633 44.35251324316734 408.0690457990501
2.4130611419677734 43.706154298046556 413.5989999913538
2.433706521987915 43.1003089013567 418.8788820612762
2.46132493019104 42.350004397402756 425.6705269630102
2.483093500137329 41.586766213074924 432.7153395568232
2.513727903366089 40.93256205507964 438.75375035152007
2.535050868988037 40.30953346811684 444.28638160931615
2.5683958530426025 39.299791140300414 453.08618505918685
2.590689182281494 38.693945743610556 458.36606712910924
2.6118533611297607 38.03040078533119 464.14879511045285
2.6490378379821777 37.00220572435727 473.45586404986614
2.671574592590332 36.402518579528255 478.9910739450049
2.692014694213867 35.8189484097863 484.2734644241314
2.724818706512451 34.912725010567684 492.3209280718348
2.745788335800171 34.28969642360488 497.8535593296309
2.7705423831939697 33.510752342146496 504.6419791338169
2.797632932662964 32.78950782227762 510.9275530265817
2.819943904876709 32.20593765253567 516.2099435057081
2.8460991382598877 31.455633148581725 523.0015884074421
2.8688604831695557 30.79208819030236 528.7843163887857
2.8891077041625977 30.204489149283468 533.8115474726982
2.919184923171997 29.31014594464606 541.6056590997265
2.940495252609253 28.764975812983323 546.6376680953072
2.9631969928741455 28.150235579723645 552.4257877609226
2.9867913722991943 27.49603142172836 558.4641985556194
3.007857084274292 26.934746860926044 563.7490034677031
3.0399351119995117 26.087764199530607 572.0573432654518
3.0611679553985596 25.511429165555803 577.5950333239083
3.0906600952148438 24.736321914924034 584.893097250119
3.1113221645355225 24.21238097494694 589.9273609396249
3.1376678943634033 23.478863658979005 596.9753301049333
3.1585042476654053 22.939874692636455 602.2624554307733
3.179887533187866 22.437172265504294 607.2988842522517
3.211874485015869 21.625240606485562 615.6107226051458
3.233705520629883 21.059348844139176 621.4038220632236
3.2544238567352295 20.556646417007016 626.440250884702
3.28883695602417 19.65178204816913 635.505822763363
3.3104898929595947 19.14907962103697 640.5422515848413
3.3316047191619873 18.583187858690582 646.3353510429191
3.359575033187866 17.86967215834079 653.6396938378867
3.381483793258667 17.366969731208634 658.6761226593651
3.4060680866241455 16.673983917339644 665.4738552211595
3.4387290477752686 15.835678413376293 673.5286771243691
3.460477113723755 15.296689447033744 678.8158024502092
3.4815735816955566 14.706368198182382 684.6064635213673
3.5108642578125 13.962050101804577 691.9077318284799
3.5328965187072754 13.423061135462028 697.19485715432
3.5577797889709473 12.769547980190222 703.7422146222418
3.5799179077148438 12.239947512121896 709.2845694105188
3.60800838470459 11.526431811772103 716.5889122054864
3.630598783493042 11.009748028760182 721.8782638846009
3.6510555744171143 10.394648287079326 728.1751111216419
3.6773018836975098 9.828756524732938 733.9682105797197
3.7035062313079834 9.154719565373252 741.0221166738904
3.7286901473999023 8.576973600207808 747.0683218974654
3.751091241836548 8.047373132139484 752.6106766857423
3.7757315635681152 7.421481669876918 759.1607323446151
3.7987048625946045 6.891881201808594 764.703087132892
3.8252065181732178 6.265989739546029 771.2531427917648
3.8520562648773193 5.591952780186343 778.3070488859356
3.8809921741485596 4.917915820826657 785.3609549801064
3.903153657913208 4.376463612469683 791.1563897631005
3.923994302749634 3.9162646629730697 796.196880010184
3.951728343963623 3.2719861336778107 803.253566356101
3.9733104705810547 2.765767289231536 808.7981056278929
3.999171018600464 2.0754688649866155 816.3588409985183
4.023834228515625 1.6034226278055999 821.652363045978
4.045618534088135 1.1537079590016217 826.9478290343156
4.075691223144531 0.48984344791003653 834.7649454932903
4.098764181137085 0.007015232960570772 840.3115706085981
4.143590688705444 -0.9118427584561402 851.4087951720315
4.187924861907959 -1.8235242920145984 863.0143876193329
4.250020265579224 -2.961459898033206 877.9022543538388
4.301395654678345 -4.190248051959827 893.544574608897
4.349838733673096 -4.943376275334206 903.1318031523199
4.379693031311035 -5.474081679522752 910.7054141162594
4.401665687561035 -5.806585815071006 915.7559354758722
4.422062397003174 -6.139089950619261 920.806456835485
4.449889659881592 -6.573590366567052 927.6255921698544
4.471240282058716 -6.859107130217613 932.4254899285405
4.497702360153198 -7.206972530863207 938.4892657875976
4.518718957901001 -7.467871581347403 943.0370976818904
4.5391411781311035 -7.705217435536515 947.3327823491971
4.570481777191162 -8.00191851951412 953.3992769278328
4.6006834506988525 -8.27399564289956 959.2135876227306
4.654897928237915 -8.672229404678838 968.5688068717585
4.699604749679565 -8.840935292632468 974.6402092080577
4.735751152038574 -8.923804262703328 979.4478771510386
4.77871036529541 -8.973217524239379 983.2436466572613
