time x y
7.295608520507812e-05 0.0 0.0
0.03652238845825195 0.2530721787529504 -0.0005337147086238663
0.06106972694396973 0.2530721787529504 -0.0005337147086238663
0.08555936813354492 0.2530721787529504 -0.0005337147086238663
0.11226296424865723 0.2530721787529504 -0.0005337147086238663
0.1378309726715088 0.2530721787529504 -0.0005337147086238663
0.16364741325378418 0.7574178129566559 -0.043180300741788205
0.18760347366333008 1.5118983718162236 -0.12786441314992425
0.2183222770690918 3.2646846524120257 -0.38474000084317617
0.24454212188720703 5.256058816597742 -0.7499261709860137
0.26746106147766113 6.740853047452391 -1.067786741655528
0.2933168411254883 8.951849763203617 -1.6147824786223604
0.317324161529541 11.140494143149661 -2.2452954376114587
0.34389352798461914 13.303632662090507 -2.9584171391442338
0.3732459545135498 16.610770945987927 -4.229564503996363
0.4226207733154297 20.968201635165652 -6.262625276619323
0.4687166213989258 25.363646182881272 -8.772285060737325
0.5156607627868652 29.329328304323273 -11.491458396117292
0.5474612712860107 32.105008111738684 -13.693407727663505
0.5978116989135742 36.36918895657521 -17.655351258356685
0.6556611061096191 40.70185367634614 -22.60742008692898
0.6987183094024658 44.08228032291413 -27.345874529576427
0.7465126514434814 46.773943796524165 -31.928357596845977
0.7958457469940186 49.507256982580024 -37.63428713074143
0.8455526828765869 52.166732000479314 -44.47458836315878
0.8906502723693848 54.358878513791076 -51.47866017784028
0.9159693717956543 55.338979105801414 -55.146044892364515
0.9445700645446777 56.51124452157316 -60.069876611569356
0.9677062034606934 57.349080188641366 -64.03141159154721
0.996051549911499 58.327834354607845 -69.25503519969337
1.0261499881744385 59.25468966117283 -75.001440515938
1.0526955127716064 59.96566837062972 -80.01271124089003
1.074737787246704 60.54842978470744 -84.53059043223108
1.1030871868133545 61.20776924944046 -90.31379942794598
1.1253085136413574 61.706808949573556 -95.35059249315654
1.1532249450683594 62.17500550440833 -100.64445642255815
1.1761972904205322 62.56771918625066 -105.69065310601749
1.203800916671753 62.98261580012821 -111.49652045015009
1.226771354675293 63.3443301258172 -117.05235846088317
1.2545316219329834 63.66220542007663 -123.11778040029918
1.2800703048706055 63.88436859150157 -128.42766239919905
1.305715799331665 64.12218385546103 -134.75000980495548
1.3282220363616943 64.27714171459509 -140.06227781201906
1.3563036918640137 64.40826060685012 -146.38773753088068
1.3856568336486816 64.53776345548088 -154.23192358390466
1.413257360458374 64.62795903746434 -161.57047882850367
1.4447720050811768 64.68979530539981 -167.6439098425037
1.4700801372528076 64.75163157333529 -173.7173408565037
1.495321273803711 64.79086860293751 -180.2971151468858
1.5204460620880127 64.78875214653624 -186.11778781750425
1.5459964275360107 64.78645165044792 -192.4446059377417
1.5710368156433105 64.77018255832967 -199.02447710468005
1.596449851989746 64.72954689768616 -205.0980869661161
1.6217632293701172 64.6738756095561 -211.42466056693078
1.6474361419677734 64.59152017366269 -217.75094307730177
1.6706829071044922 64.4824820551484 -224.07682194964497
1.6978332996368408 64.36499844357844 -230.14943140578998
1.7238025665283203 64.22927958228343 -236.47479409970217
1.749422550201416 64.08270321208481 -243.30618580912733
1.774038553237915 63.957841859693396 -249.12551948752653
1.796231746673584 63.808436445286745 -254.94427475304667
1.8282310962677002 63.58349526134856 -263.0394778681123
1.8540594577789307 63.394422632622174 -269.363470622687
1.8763749599456787 63.2116579206724 -275.9408231536778
1.9045140743255615 63.02258529194601 -282.2648159082525
1.930159091949463 62.80684058775795 -288.5879549262927
1.9555795192718506 62.59633510651779 -295.16447807300426
1.9784071445465088 62.37641894756001 -301.2342412388023
2.006129741668701 62.08581593220756 -308.0610228529578
2.031371593475342 61.81673906614047 -314.3821169401388
2.0564634799957275 61.54766220007338 -320.7032110273198
2.0794427394866943 61.25192619639355 -327.02311395655653
2.104112148284912 60.95822285098409 -333.5964470229514
2.132301092147827 60.66248684730426 -339.9163499521881
2.1559834480285645 60.36578576332664 -345.9828445308238
2.1804537773132324 60.069084679349025 -352.0493391094595
2.2046380043029785 59.747658505039944 -358.6213749029815
2.2366528511047363 59.376782150067925 -366.2044931262761
2.2630441188812256 58.99982108753227 -373.0270511272927
2.2851722240448 58.677534978408836 -379.0922402974436
2.3133749961853027 58.329353908000215 -385.916327581624
2.3357067108154297 58.00706779887678 -391.9815167517749
2.3636183738708496 57.65792451399306 -398.5521383527717
2.390000820159912 57.280963451457396 -405.3746963537883
2.414677619934082 56.905283499285595 -411.690351299428
2.4402410984039307 56.50296829933393 -418.0043654979182
2.463315010070801 56.0984099205679 -424.57180805762397
2.4876930713653564 55.75054451992229 -430.635583916681
2.512641191482544 55.344810171576746 -437.4564912579719
2.537553071975708 54.999184615578685 -443.2668938079604
2.5656776428222656 54.59345026723314 -450.0878011492513
2.5904765129089355 54.191135067281465 -456.40181534774143
2.613196849822998 53.78881986732979 -462.7158295462316
2.6447579860687256 53.289949019389724 -470.54520715235935
2.6714224815368652 52.85544860344192 -477.3643424867287
2.6959469318389893 52.482010099965585 -483.42659715722635
2.7218682765960693 52.04975472375284 -489.99227492472306
2.7470669746398926 51.59419097410593 -496.3026706721271
2.772531032562256 51.10218212448726 -503.1178980793234
2.7976603507995605 50.67761780113641 -509.176786850475
2.8215627670288086 50.22205405148949 -515.487182597879
2.846017837524414 49.77193792064758 -521.544226718125
2.870690107345581 49.24680243466535 -528.6107781917451
2.896224021911621 48.764626330420164 -534.9191962995866
2.9238314628601074 48.24387613783536 -541.7322878560553
2.946290969848633 47.80027412192979 -547.5360325152695
2.9752237796783447 47.24094984100537 -554.8537975203657
3.000309944152832 46.72565158290709 -561.4134802079708
3.0299391746520996 46.13546692129449 -568.7288209646435
3.0545969009399414 45.59250538091187 -575.286271843036
3.08109712600708 45.01430080673531 -582.0947281137559
3.1055996417999268 44.513105538689814 -588.1477596938105
3.128382682800293 44.00432565798929 -594.4540879323215
3.1535348892211914 43.5031303899438 -600.5071195123761
3.1815989017486572 42.88862175273537 -607.5664605682225
3.2056591510772705 42.36190006369957 -613.6173243303765
3.227750301361084 41.75498347303825 -620.423281248539
3.2535173892974854 41.27215525808877 -625.9699063638468
3.277554988861084 40.65764662088034 -633.0292474196932
3.303335189819336 40.13092493184455 -639.0801111818472
3.3316383361816406 39.546197119124805 -646.1419813585776
3.3600192070007324 38.92516257649072 -653.4547677234249
3.390592098236084 38.228332416842534 -661.2690145553892
3.4147090911865234 37.63007378249692 -667.8216518765978
3.443981885910034 36.985795253201644 -674.8783382225148
3.467524528503418 36.43355651380569 -680.9269265190151
3.494607448577881 35.78927798451041 -687.9836128649321
3.5173583030700684 35.23703924511446 -694.0322011614323
3.53983211517334 34.72003622344 -699.829868165793
3.5666332244873047 34.11311963277868 -706.6358250839554
3.588630199432373 33.596116611104215 -712.433492088316
3.6154897212982178 32.989200020442894 -719.2394490064785
3.63774037361145 32.47219699876843 -725.0371160108391
3.6662471294403076 31.820323623613678 -732.3472178859025
3.688460111618042 31.30332060193922 -738.1448848902631
3.7098400592803955 30.86438586107606 -743.1872713587248
3.7393641471862793 30.205983749781318 -750.7508510614174
3.760620594024658 29.679262060745522 -756.8017148235714
3.8045568466186523 28.71284426680261 -767.3867443424468
3.8258121013641357 28.04853654578727 -774.1873393584511
3.8543293476104736 27.38422882477193 -780.9879343744554
3.878615617752075 26.842776616414945 -786.7833691574496
3.9103329181671143 26.112993205151184 -794.5946073432242
3.9315693378448486 25.58339273708285 -800.1369621315011
3.9546148777008057 24.96829299540198 -806.4338093685421
3.9807491302490234 24.3424015331394 -812.9838650274149
4.005644083023071 23.790162793743452 -819.0324533239152
4.028385162353516 23.237924054347502 -825.0810416204155
4.054264068603516 22.612032592084923 -831.6310972792883
4.075623989105225 22.09534880907299 -836.9204489584027
4.103359699249268 21.42131184971329 -843.9743550525735
4.12434983253479 20.868339179867906 -849.5144267561997
4.145260334014893 20.32935021352535 -854.8015520820397
4.1886560916900635 19.17437385707701 -866.1311063516971
4.225973844528198 17.971621226786315 -877.4556883061621
4.281527519226074 16.608501579123523 -890.2902145212224
4.31937050819397 15.508225605171603 -900.862168269185
4.351360082626343 14.786574026997185 -907.6569174418639
4.373420238494873 14.171833793737495 -913.4450371074794
4.393773794174194 13.647892853760391 -918.4793007969853
4.421748161315918 12.926241275585973 -925.2740499696642
4.4426429271698 12.342671105844007 -930.5564404487907
4.46408748626709 11.814679047506036 -935.3357461203813
4.491017580032349 11.13501149809206 -941.3713438561588
4.513152837753296 10.547412457073161 -946.3985749400713
4.533643484115601 10.03766179501268 -950.9252732419045
4.567672491073608 9.357994245598704 -956.960870977682
4.589409351348877 8.887915012783584 -960.982655844812
4.614678382873535 8.279117008924711 -966.0073637959829
4.646053075790405 7.775128100211194 -970.0250401371649
4.667553663253784 7.358753685552287 -973.2885313139622
4.6931846141815186 6.928618004472485 -976.5502372495239
4.71469259262085 6.525220964503331 -979.5601986827662
4.735522985458374 6.256289604523895 -981.5668396382612
