time x y
7.43865966796875e-05 0.0 0.0
0.03753256797790527 0.0 0.0
0.061608314514160156 0.7592165362588513 -0.001601144125871599
0.08845090866088867 2.783780459433022 -0.010140560473753741
0.11411428451538086 5.061389547736368 -0.024550772151244418
0.13867449760437012 8.098154391851578 -0.05016879331445437
0.16446852684020996 11.387917127963973 -0.08485963219964704
0.18663930892944336 14.424546905937719 -0.12328609424742488
0.212432861328125 18.979491572898336 -0.18092578731909165
0.24207186698913574 24.546646165850202 -0.251374301073351
0.2700214385986328 29.607695795806443 -0.3154184044863141
0.2956252098083496 34.92192790798801 -0.37145745191624074
0.32015228271484375 39.98320264818002 -0.414154153854924
0.34646153450012207 45.80355210437887 -0.47553025342103417
0.37077975273132324 51.62390156057773 -0.5369063529871443
0.3961515426635742 57.444458119575174 -0.5737324494962871
0.42062878608703613 63.518149889097685 -0.5993506985399335
0.4466238021850586 69.5918416586202 -0.6249689475835799
0.4697761535644531 75.41250176993806 -0.6372443858819288
0.49600744247436523 81.73930623876183 -0.6505872535975253
0.5221941471099854 87.8130520357021 -0.6505872535975252
0.5460364818572998 94.13974394765584 -0.6105588878267176
0.569359540939331 99.45416515369699 -0.5769350605792393
0.5958278179168701 106.53994978996582 -0.5171596778650827
0.6192953586578369 112.36029924616467 -0.45578357829897254
0.6525356769561768 121.21735276646727 -0.36238516591576153
0.6758592128753662 127.03739157307382 -0.27646015520277795
0.7004883289337158 133.61634639867663 -0.16545268003706387
0.7286250591278076 140.70137467240272 -0.04590616832014102
0.7545645236968994 147.28032949800553 0.06510130684557304
0.778857946395874 153.60600842816547 0.18517999512048788
0.8052611351013184 160.1844365176828 0.32393563613911913
0.8297755718231201 167.01556199840934 0.4824348048182282
0.8561432361602783 173.5933463184669 0.6489361431607227
0.8805415630340576 180.17113063852446 0.8154374815032172
0.9064147472381592 186.49624682438235 0.9621959710209108
0.9286932945251465 193.0740311444399 1.1286973093634052
0.9564509391784668 199.65181546449747 1.2951986477058997
0.9789526462554932 205.72361637531986 1.448892190791279
1.0054409503936768 212.30063990399637 1.6431362643193899
1.0352518558502197 219.636991365073 1.8443216529534234
1.058586597442627 225.70879227589535 1.998015196038803
1.0837581157684326 232.53918846379426 2.1853257302842826
1.1121680736541748 239.62213687929204 2.394511655622248
1.136122226715088 245.69323552114727 2.573813877340504
1.1624791622161865 252.52363170904619 2.7611244115859837
1.186354160308838 258.3421173505897 2.920685237054355
1.2126548290252686 265.17251353848866 3.1079957712998345
1.236835241317749 271.24431444931105 3.261689314385214
1.259878396987915 278.07471063721 3.4489998486306934
1.290510654449463 285.15765905270774 3.658185773968659
1.328669548034668 295.27615678913315 3.9570228101657525
1.3753681182861328 306.66015043563135 4.269207033908218
1.4063904285430908 314.75494862477166 4.508276662865893
1.4381604194641113 322.5962785044381 4.7564127958848
1.4633893966674805 329.17330203311457 4.950656869412911
1.488903522491455 335.4977429478358 5.124092549269837
1.5140604972839355 341.822183862557 5.297528229126763
1.5382304191589355 347.89328250441224 5.476830450845019
1.5641772747039795 354.97705023370503 5.656139584444628
1.5899951457977295 361.3021664195629 5.802898073962322
1.615365743637085 367.37456157911737 5.930980204133367
1.6384284496307373 373.4474429565969 6.033448642747873
1.6629350185394287 379.5203243340764 6.135917081362378
1.6883974075317383 386.6053526078025 6.255463593079301
1.715289831161499 392.678233985282 6.357932031693807
1.7397525310516357 400.0160215442676 6.497223310092708
1.7663872241973877 406.088416703822 6.625305440263753
1.789914608001709 412.16081186337647 6.753387570434797
1.8145246505737305 418.2332070229309 6.881469700605842
1.8457980155944824 426.32973390233684 7.052245874167235
1.8705437183380127 432.6554128324968 7.172324562442149
1.8965094089508057 439.2343676580996 7.283332037607863
1.9220046997070312 445.5600465882595 7.403410725882778
1.9477183818817139 451.88572551841946 7.523489414157693
1.9725022315979004 458.7174587629922 7.653174397494601
1.9980542659759521 464.7898539225466 7.781256527665645
2.020460367202759 471.1149701084045 7.9280150171833395
2.046143054962158 477.69339819792185 8.066770658201971
2.070439338684082 484.0190771280818 8.186849346476887
2.096101760864258 490.09147228763624 8.314931476647931
2.122906446456909 496.67042711323904 8.425938951813645
2.1461281776428223 502.4904659198456 8.511863962526629
2.1737220287323 509.82825347883113 8.651155240925531
2.1998066902160645 516.4066815683484 8.789910881944163
2.224738836288452 522.7323604985083 8.909989570219079
2.2552285194396973 530.3234622203578 9.03807511848721
2.2772932052612305 536.6491411505177 9.158153806762126
2.302933931350708 542.7215363100722 9.28623593693317
2.32969069480896 549.8059973295524 9.43566508879939
2.3534367084503174 555.6251042205416 9.570682899155667
2.3799586296081543 562.4562297012682 9.729182067834776
2.403451681137085 568.0225919308598 9.846590687158233
2.4278316497802734 574.0949870904143 9.974672817329278
2.459665298461914 582.1915139698202 10.14544899089067
2.4861185550689697 589.0226394505468 10.30394815956978
2.5105531215667725 595.3477556364047 10.450706649087474
2.5365147590637207 601.9267104620075 10.561714124253188
2.5589053630828857 608.5056652876102 10.672721599418901
2.5867044925689697 614.8313442177702 10.792800287693817
2.6123087406158447 621.1570231479301 10.912878975968733
2.6420702934265137 628.7475170973731 11.072981638682538
2.666918992996216 635.5792503419459 11.202666622019446
2.6928598880767822 641.9053794795617 11.296063372794428
2.717493772506714 648.2315086171775 11.38946012356941
2.744084596633911 654.8104634427802 11.500467598735124
2.766469717025757 660.8833448202597 11.602936037349629
2.7928061485290527 667.7155642888848 11.703804528186609
2.8189163208007812 674.042031089101 11.770517679888902
2.8448119163513184 680.6216882513506 11.82602339240919
2.8668224811553955 686.442244810348 11.862849488918334
2.8952062129974365 693.5282185414576 11.892737446135921
2.917510509490967 699.8549104534113 11.932765811906728
2.945335626602173 706.181602365365 11.972794177677535
2.969447612762451 712.5082942773188 12.012822543448342
2.994814157485962 718.8349861892725 12.05285090921915
3.019779920578003 724.908677958795 12.078469158262795
3.049924612045288 732.7537759296176 12.128104331818596
3.072911024093628 738.8273056178481 12.179340374145017
3.100198268890381 745.1539975298018 12.219368739915824
3.1232054233551025 751.2276892993243 12.24498698895947
3.1505162715911865 758.3136630304339 12.274874946177057
3.17330002784729 764.1342195894313 12.3117010426862
3.2022831439971924 771.2200042257001 12.371476425400358
3.226322650909424 777.5466961376538 12.411504791171165
3.2525339126586914 784.1265874176725 12.411504791171165
3.277467966079712 790.4533918864962 12.398161923455568
3.3033339977264404 797.0332831665148 12.398161923455568
3.327970027923584 803.3600876353386 12.384819055739971
3.3537795543670654 809.6868921041623 12.371476188024374
3.3783047199249268 816.2667248544784 12.343723084893757
3.404097557067871 822.5934167664321 12.30369471912295
3.428718328475952 829.4263655927618 12.289284421990105
3.458961009979248 836.2591928576719 12.246053786957633
3.4838151931762695 842.8388500199216 12.190548074437345
3.5094635486602783 849.1655419318753 12.150519708666538
3.533949851989746 855.2390716201057 12.099283666340119
3.556894540786743 861.5655384203219 12.032570514637825
3.5823142528533936 867.3858878765208 11.971194415071716
3.6078367233276367 873.9655450387704 11.915688702551428
3.6341805458068848 880.7981291830039 11.84363849871295
3.6595747470855713 886.8713887389514 11.766785574617394
3.6841440200805664 892.9446482948989 11.689932650521838
3.7094130516052246 899.2707774325147 11.596535899746856
3.7658917903900146 913.9469074280902 11.348903839761801
3.8406810760498047 933.9321407186093 10.800847091413917
3.9138669967651367 950.1171276389082 10.186154947856746
3.9980547428131104 967.3136762417257 9.533044545327252
4.069187164306641 979.1941052781618 8.95632473021856
4.104122161865234 983.993497405681 8.662431003723142
