time x y
0.00016045570373535156 0.0 0.0
0.038648366928100586 0.0 0.0
0.06133317947387695 0.2530721787529504 0.0005337147086238663
0.08332467079162598 1.7713870677398231 0.019746945732512785
0.11466288566589355 3.289161728203631 0.0645725011620768
0.1414635181427002 5.564137501138207 0.17500821043820933
0.16621971130371094 8.088361892297353 0.35631588841348816
0.19411826133728027 10.607190083238518 0.6014399295347326
0.21859478950500488 13.621372730646343 0.9719800346892775
0.24358606338500977 16.62521384159477 1.4186740928974637
0.2661581039428711 19.368495812252533 1.891904843370077
0.29347991943359375 23.088654225942527 2.6473710516391997
0.3309614658355713 28.00453284589336 3.852552530907981
0.36536264419555664 33.3446941959984 5.427623960957913
0.406660795211792 39.76812552840492 7.757629805963784
0.4524669647216797 46.0428534460368 10.462659728089305
0.49657297134399414 52.8466937266419 13.831485739499724
0.5275185108184814 57.94350901914047 16.64266141740123
0.5624468326568604 63.37728551794609 19.883449250610134
0.5929164886474609 67.85930494177455 22.739268782969095
0.6160578727722168 72.07550551867624 25.539621921306498
0.6408979892730713 76.23171515004012 28.42826286545658
0.6654565334320068 80.33859982679292 31.386610927452534
0.6864724159240723 83.59389825191396 33.794672422930645
0.7154867649078369 88.62420420653014 37.63194421703126
0.7364175319671631 92.20484475067256 40.447944314143086
0.7613823413848877 96.33330530251402 43.794586928595294
0.7823898792266846 100.0299669914454 46.86952280983788
0.808424711227417 104.45741574246792 50.64813794966643
0.83205246925354 108.45589093853748 54.14905203364435
0.852611780166626 111.85132308611831 57.18580750362625
0.874215841293335 115.59542786925807 60.59168541936723
0.8949484825134277 119.13178540817559 63.8497083893764
0.9184083938598633 124.68284958517611 69.02917918878838
0.9489877223968506 128.33957117525065 72.52870947394736
0.9702861309051514 132.140169540498 76.24349821397792
0.9907681941986084 135.56459932260955 79.61897136356058
1.0181961059570312 140.39025759784795 84.45657609426425
1.0388684272766113 144.26365869773744 88.4559431909797
1.0694644451141357 149.171928686721 93.56679465851474
1.0904481410980225 152.50984701915047 97.02784067412873
1.1187591552734375 157.3965164586116 102.15934910707499
1.1394703388214111 161.053393863277 106.01570113512251
1.1708033084869385 166.42758235045065 111.73112972155323
1.1921720504760742 169.871402149502 115.44036551828066
1.224940299987793 175.3564327158596 121.3983309173512
1.2454993724822998 179.11008087849373 125.51030109307823
1.2669677734375 182.50669090731714 129.26281562551623
1.2924232482910156 186.90166878000176 134.15966550635574
1.3182904720306396 191.27595329914735 139.07500925856965
1.3493385314941406 196.47907513507522 144.94659754307582
1.3722810745239258 200.32104705370054 149.31918105792911
1.3971641063690186 204.47701962952496 154.08956099749813
1.4189765453338623 207.96803659321748 158.0966801467361
1.4715385437011719 216.77869845396523 168.20988561862242
1.5204854011535645 224.8848954259512 177.59410463185142
1.5619721412658691 231.4860286583784 185.2686300285124
1.6110827922821045 240.0675018605337 195.24551304417167
1.6593928337097168 247.76662603987575 204.31197248024728
1.7020924091339111 254.44946428884947 212.24926948663585
1.7488336563110352 261.74747686179177 220.9917967424264
1.7918329238891602 268.4303151107655 228.92909374881498
1.8120207786560059 271.5581585018399 232.58109786122753
1.8372178077697754 275.67374191114834 237.38636643019143
1.8581037521362305 278.95809410617346 241.2375163445801
1.8835561275482178 283.5561871792087 246.6291262247242
1.9085462093353271 286.8405393742338 250.48027613911285
1.9295921325683594 290.29762943805287 254.51670173704252
1.9534764289855957 294.08396617461665 258.9375488204893
1.9751639366149902 297.5410562384357 262.973974418419
2.002629280090332 301.8107140919684 267.9804693071243
2.024135112762451 305.25074829975955 272.03144054451974
2.0482335090637207 309.1919709337897 276.6528204417861
2.072030544281006 312.6490609976088 280.6892460397158
2.093593120574951 316.26184841213643 284.9255109455433
2.1207590103149414 320.3571272309354 289.7480957519665
2.1470983028411865 324.6267850844681 294.7545906406717
2.173116445541382 328.7220639032671 299.57717544709493
2.195246934890747 332.16209811105824 303.6281466844904
2.2158823013305664 335.44645030608336 307.47929659887905
2.2428853511810303 339.54172912488235 312.30188140530225
2.2635767459869385 342.96464627679575 316.3673262134525
2.2852747440338135 346.2327256204399 320.23229483010493
2.3184003829956055 351.31087135575063 326.2122999900697
2.339948892593384 354.73378850766403 330.27774479821994
2.360365390777588 357.98553685923656 334.1564633575005
2.391364097595215 362.88765587470283 339.9539162824792
2.4120371341705322 366.17200806972795 343.80506619686787
2.432100296020508 369.28441997201514 347.4702306497495
2.4604315757751465 373.859731053117 352.88118671306296
2.4811856746673584 376.9721429554042 356.5463511659446
2.5095138549804688 381.2418008089369 361.5528460546499
2.534832715988159 385.18302344296706 366.17422595191624
2.5766139030456543 391.89928070579737 374.0832650344503
2.598353147506714 395.494167983806 378.334730512768
2.6187634468078613 398.43543939308574 381.8132022677552
2.6447064876556396 402.53071821188473 386.6357870741784
2.665221691131592 405.8312848280983 390.4730497725089
2.689526319503784 410.12202142917596 395.4614912803385
2.7126691341400146 413.4063736242011 399.3126411947272
2.733053684234619 416.36229059972374 402.778676117677
2.7592291831970215 420.6530272008014 407.7671176255066
2.780123472213745 423.95359381701496 411.6043803238371
2.8090646266937256 428.574387079714 416.9765481014998
2.83013653755188 431.87495369592756 420.8138107998303
2.851120710372925 435.3320437597466 424.85023639776
2.875607490539551 439.1183804963104 429.2710834812068
2.897550344467163 442.40273269133553 433.12223339559546
2.918304443359375 445.68708488636065 436.9733833099841
2.9492080211639404 450.63793481068103 442.7292773574799
2.970698118209839 453.9385014268946 446.5665400558104
2.9910597801208496 457.2390680431082 450.4038027541409
3.0195748805999756 461.8598613058072 455.7759705318036
3.040848731994629 464.9722732080944 459.4411349846852
3.062044382095337 468.25662540311953 463.2922848990739
3.0861339569091797 472.37220881242797 468.0975534680378
3.108072280883789 475.67277542864156 471.9348161663683
3.1354072093963623 480.1394553927971 477.10571235733124
3.166985034942627 485.2427788203396 483.0642453828465
3.1875674724578857 488.370622211414 486.71624949525904
3.2086069583892822 491.82771227523307 490.7526750931887
3.2359280586242676 496.09737012876576 495.75916998189393
3.2576301097869873 499.22521351984017 499.4111740943065
3.2782907485961914 502.52578013605375 503.248436792637
3.305403470993042 506.8165167371314 508.2368783004666
3.356318235397339 515.5844440741774 518.387156008653
3.4086239337921143 523.4668893422378 527.6299158031858
3.4585282802581787 530.8383912160759 536.3105684547476
3.510927677154541 539.0898077566098 545.9037252005738
3.5871849060058594 551.2252476780171 559.8332346241153
3.6371612548828125 558.4424811923686 567.9776957929465
3.657499074935913 561.9671766296101 571.9552233405152
3.6828739643096924 565.8091485482354 576.3278068553685
3.7072689533233643 569.8277762513104 580.8820377882404
3.7326300144195557 574.0238422480264 585.6171896305841
3.7615742683410645 578.398126767172 590.5325333827981
3.7819886207580566 581.6173809895145 594.1042193387714
3.808795690536499 585.8532418083861 598.8038061229468
3.830780029296875 589.3946825728933 602.7664315945837
3.8606629371643066 594.4658108875294 608.4166429955523
3.8825416564941406 598.0239339753815 612.3642958942595
3.9051709175109863 601.5820570632336 616.3119487929667
3.931518793106079 605.8377024328643 620.9936274776683
3.9525465965270996 609.412444543354 624.9262375728175
3.9799916744232178 613.9871742277353 630.0017912997268
4.000909805297852 617.2064284500777 633.5734772557001
4.0222344398498535 620.7645515379298 637.5211301544074
4.042279958724976 623.9838057602723 641.0928161103807
4.07185959815979 628.9203543890438 646.5235633846344
4.095560789108276 632.835548129104 650.8307077745598
4.121961355209351 637.0911934987347 655.5123864592613
4.14662766456604 641.0063872387949 659.8195308491867
4.168594121932983 645.2223881489225 664.5369421249449
4.194624423980713 649.1011089862399 668.8769604986423
4.221872091293335 653.1770410208279 673.3799779375679
4.242643594741821 656.5736510496513 677.1324924700059
4.268058776855469 660.9892440871217 682.0107613621753
4.289608478546143 664.3858541159451 685.7632758946133
4.317131996154785 669.1411081562978 691.0167962400266
4.344902515411377 673.2170401908859 695.5198136789521
4.365523338317871 676.4513306718052 699.0778894793252
4.390945911407471 680.8669237092756 703.9561583714947
4.415409326553345 684.6031947409814 708.0839243571764
4.437293767929077 688.1944922777411 712.0014216857578
4.461377143859863 692.3082652025093 716.4698957350607
4.483334541320801 696.0792237168802 720.5659969469217
4.510629653930664 700.1929966416484 725.0344709962246
4.536455869674683 704.3067695664166 729.5029450455276
4.5575268268585205 708.4016584711084 733.9887306917752
4.587447881698608 712.696645461743 738.6343436297121
4.608370542526245 716.1560796886748 742.3290208596734
4.632671117782593 719.9442814676313 746.4091802360736
4.653310537338257 723.5684978908489 750.2962432191829
4.682592868804932 728.2282047207001 755.2938956260377
4.704117774963379 731.8524211439177 759.1809586091471
4.724846839904785 735.1314740982574 762.6978251176745
4.749611854553223 739.4460174592307 767.3252810499474
4.772437810897827 743.0865967569935 771.197022995594
4.794225692749023 746.5615838668206 774.8770759287185
4.8149495124816895 750.0365709766477 778.5571288618429
4.836221218109131 753.5115580864748 782.2371817949673
4.868041276931763 758.7472753430403 787.7352265445526
4.889349460601807 762.2531824780285 791.385834735649
4.910135269165039 765.7590896130167 795.0364429267455
4.947116374969482 771.9078865411763 801.4120540081396
4.9685142040252686 775.4137936761645 805.0626621992361
4.989350318908691 778.7370840869031 808.5377563219987
5.0215537548065186 783.9959447893855 814.0136686086433
5.043117046356201 787.6690552433597 817.8545621127494
5.0633461475372314 791.5085812315077 821.8864615957785
5.097285985946655 796.5809718584246 827.1905526252582
5.1180853843688965 800.0868789934128 830.8411608163547
5.13925313949585 804.1098094906228 835.0478537018041
5.1674439907073975 808.3168980526086 839.4285835311199
5.188946008682251 811.8228051875968 843.0791917222164
5.215070009231567 816.1955557280423 847.6516839890091
5.237165212631226 819.8848338849381 851.4770506378457
5.257588863372803 823.2373207558987 854.9239869726512
5.301483154296875 833.2947813687807 865.2647959770678
5.378317832946777 844.0112560150017 876.3765752903548
5.4426984786987305 854.2229498238013 886.9203612726046
5.506026268005371 865.4910257507526 898.5548837357768
5.566157579421997 874.3705725103949 907.5697703473052
5.590331315994263 878.3439355769955 911.469842038427
5.628727436065674 884.8726627296452 917.8242967577098
5.65479302406311 889.2251474980783 922.0605999038984
5.681568622589111 893.5954617113271 926.2785071673793
5.7025439739227295 896.8865111423942 929.4280844240224
5.7303853034973145 901.8330377054837 934.1420288743265
5.755315780639648 905.8877612593081 937.9574436823095
5.783170700073242 910.8935387728119 942.6084208705146
5.804663419723511 914.2372554420717 945.7020275179416
5.830135107040405 919.4588437580786 950.4923231733372
5.856258869171143 923.2029485412183 953.8982010890783
5.877079248428345 926.5855418563962 956.9492510259697
5.902493715286255 930.9159566431874 960.8386909075223
5.929187536239624 935.6229292375258 965.0663429526882
5.9514851570129395 939.0311398111518 968.088749930432
5.984208822250366 944.1720364918126 972.5899251812607
6.005194187164307 947.2353086212962 975.2379606537061
6.025345325469971 950.12277519805 977.7022748753334
6.05597996711731 954.5661222601473 981.462182015626
6.076934576034546 957.0865206171387 983.576735026617
6.09808874130249 959.8151488508818 985.836727773068
6.118561506271362 962.3621015067264 987.9192201459476
6.150442123413086 965.7041886201218 990.6284070243137
6.17189621925354 967.8814263675137 992.3631055874829
6.198070049285889 970.471727898749 994.3914251607987
6.218564748764038 972.2709204402826 995.7880700733704
6.244197130203247 974.0759878393853 997.1771138084697
6.265268802642822 975.8868979830471 998.5585316543459
7.605552673339844e-05 978.1143966123756 1000.2282002352531
0.02497124671936035 979.3389314937842 1001.1260663581128
0.05344438552856445 980.5596684032046 1002.0290894189171
0.07485246658325195 981.3606168378382 1002.6481327172578
0.1073763370513916 981.5544936345298 1002.8107906411802
0.12892818450927734 981.7398928016966 1002.9830490555582
0.16106176376342773 981.9148028233144 1003.1659487462299
0.18294310569763184 982.2416107576788 1003.5524456078952
0.20416021347045898 982.2416107576788 1003.5524456078952
0.23009347915649414 982.3815517526517 1003.76330653466
0.2586207389831543 982.1316733358149 1003.323142898225
0.28694820404052734 982.1316733358149 1003.323142898225
0.3091437816619873 981.9472667927403 1002.8517858393918
0.3299386501312256 981.9472667927403 1002.8517858393918
0.355968713760376 981.6962333640771 1001.8711150394512
0.37683582305908203 981.5501213578775 1001.1260891377298
0.4039032459259033 981.4121542550531 1000.1232441453701
0.4249885082244873 981.351651016422 999.3664405574383
0.4495277404785156 981.2999983967106 997.5956845550837
0.47046613693237305 981.3271421689697 996.3306120163013
0.4911162853240967 981.4129308270401 995.0681597918982
0.5203325748443604 981.5026608049485 994.3142626877415
0.5413656234741211 981.5441938660109 994.0646213102638
0.5703871250152588 981.4370169250283 994.5592892325735
0.5911602973937988 981.30701260997 995.0484539574943
0.6135244369506836 981.0100619391017 996.016210796392
0.6420609951019287 980.4977883904335 997.4456250336585
0.6667146682739258 979.72709700015 999.3177806846643
0.6927533149719238 978.8859091711926 1001.1593384592301
0.7143981456756592 978.0925846420223 1002.7432832197613
0.7405333518981934 976.7523657907508 1005.1832333717983
0.7633578777313232 975.5808490401567 1007.1365022514972
0.7904195785522461 974.0496039356237 1009.4613316524582
0.811255693435669 972.5653571928748 1011.5111103862864
0.8290500640869141 971.633824509475 1012.710233445077
0.8585944175720215 969.3442020948648 1015.4140471314292
0.8785610198974609 967.9655955666356 1016.8967392913106
0.9086165428161621 965.4352876034491 1019.376763658817
0.9298899173736572 963.7332720012255 1020.8903202990225
0.9487667083740234 961.176052396801 1022.9601923262172
0.9800763130187988 958.7332658298595 1024.7644624805546
1.0004546642303467 956.2309998064925 1026.4852941834718
1.025205373764038 953.2456203354367 1028.393300647242
1.0628843307495117 948.420297171582 1031.1707868522992
1.0843727588653564 945.2778394624404 1032.8072277458994
1.1132168769836426 941.4010572487616 1034.672649811583
1.1345114707946777 938.161421269072 1036.10713158947
1.166778802871704 932.997414033707 1038.1882857231212
1.1875228881835938 929.4333812778934 1039.4951821728346
1.215512752532959 924.8850348346994 1041.055016442509
1.236527681350708 921.2642235598472 1042.1952065699388
1.2571933269500732 916.3966150916312 1043.5825467604527
1.2852468490600586 912.2375119957861 1044.683047216412
1.303511142730713 908.7993627341763 1045.5386808452988
1.3294384479522705 903.6187087671441 1046.724019527217
1.3505043983459473 899.4055435964516 1047.5949265600848
1.3745832443237305 894.4342936569783 1048.5462409368024
1.3999762535095215 888.9490426964056 1049.5002824214623
1.41819167137146 885.1999039282758 1050.0954851701883
1.4550144672393799 877.4367394580989 1051.2274318258408
1.4770026206970215 872.9174331716491 1051.7990207887729
1.4981324672698975 867.888347644694 1052.3705308644785
1.528710126876831 861.3416589174224 1053.0307096016993
1.5499563217163086 856.8039156426978 1053.4303709908556
1.5703821182250977 851.5052595408724 1053.8407937382367
1.6012787818908691 844.6865701092648 1054.2822365490126
1.6238822937011719 839.379225128241 1054.5584476446986
1.6483287811279297 833.8164073458032 1054.7891673324345
1.6705808639526367 828.5044178821315 1054.9533966075944
1.6898128986358643 824.2037134316491 1055.0682053399971
1.713881254196167 817.8784921925331 1055.2103640368214
1.738720178604126 812.3112878400748 1055.2767639832368
1.7584569454193115 807.5029811352408 1055.3036888493402
1.7881488800048828 800.1639011477631 1055.2828739881795
1.8066768646240234 795.608999602007 1055.2219218614043
1.8332898616790771 789.0301272429501 1055.106130065053
1.8571195602416992 782.9578268330331 1054.9736319987637
1.8827850818634033 776.8868601887708 1054.789914797325
1.9083030223846436 770.5642739379595 1054.5585364925967
1.9302690029144287 765.0017976073746 1054.319726261246
1.956024169921875 757.9250981087062 1053.9560764111036
1.9795176982879639 752.1127378419801 1053.645105435517
2.0003018379211426 747.5644575199162 1053.3921442424132
2.0282649993896484 740.4929259253337 1052.9389799071193
2.048943519592285 735.190005795313 1052.5879223454574
2.0667381286621094 731.1502587639161 1052.3119297279477
2.091292142868042 724.3362687042938 1051.8030714104636
2.1158688068389893 719.036498657921 1051.407292719087
2.13511061668396 714.2414686159647 1051.0492072364132
2.1633877754211426 706.9251089351592 1050.4717911454318
2.185572385787964 701.3757032500018 1050.0220469998803
2.2046098709106445 696.0813653893475 1049.5592404158515
2.23301362991333 689.2769299052412 1048.9354976302911
2.2571933269500732 683.4783693911912 1048.4286142287358
2.2832205295562744 676.9246978924527 1047.841793009378
2.302891731262207 672.3892946141267 1047.4163986555839
2.326338768005371 666.5952163124969 1046.8606186159504
2.346951961517334 661.5579177811306 1046.3667071765626
2.365084409713745 656.7715052710886 1045.9075845351263
2.3829219341278076 652.7416664459956 1045.512455383616
2.413560152053833 645.18891073969 1044.7397248354896
2.433283567428589 640.1537402688195 1044.2245711367386
2.4571988582611084 634.1115357037751 1043.6063866982374
2.4769012928009033 629.8325737843247 1043.1594809952883
2.495973825454712 624.5516423569643 1042.5628516492986
2.525458574295044 618.0118030053644 1041.8379582004866
2.546198606491089 612.9788501730748 1041.3015714072026
2.569408655166626 607.4451399524902 1040.6882000274386
2.5892395973205566 602.4144942974134 1040.1305896821987
2.6080710887908936 597.6388280575952 1039.5706340750053
2.637096881866455 591.3550566894135 1038.8338503813297
2.6612422466278076 585.0682335616035 1038.1235773503897
2.687446117401123 579.0314587755113 1037.4544449361017
2.7071938514709473 574.2512388637012 1036.9347951396994
2.7289040088653564 568.4673615861161 1036.2813439512347
2.7550041675567627 562.4305868000239 1035.6122115369467
2.7740139961242676 558.1535479315622 1035.147261719113
2.7995290756225586 552.11677314547 1034.478129304825
2.8193209171295166 547.0861274903932 1033.920518959585
2.8439183235168457 540.7993043625833 1033.210245928645
2.8673207759857178 535.7686587075065 1032.652635583405
2.886847496032715 530.9884387956964 1032.1329857870028
2.914015531539917 524.1954947104927 1031.3945360763257
2.9315216541290283 519.918455842031 1030.929586258492
2.958327531814575 513.631632714221 1030.219313227552
2.9808154106140137 508.6009870591442 1029.661702882312
3.003098964691162 503.0647389436255 1029.0716774096998
3.0283000469207764 496.77497590177023 1028.3879276775915
3.058976888656616 489.2255466533357 1027.5833474876656
3.080583333969116 483.93977016460286 1027.0312875016696
3.100813865661621 477.9002267658552 1026.3876233497288
3.132108449935913 471.61046372399994 1025.7038736176205
3.152951955795288 466.5798180689231 1025.1462632723806
3.1805107593536377 459.7868739837194 1024.4078135617035
3.200275182723999 455.25721643465863 1023.925065447748
3.225351333618164 448.21108246945306 1023.1741239371505
3.249969244003296 442.6748343539344 1022.5840984645382
3.2700366973876953 438.14517680487364 1022.1013503505827
3.303278923034668 429.5891569899812 1021.189492802
3.325223684310913 424.8067877858896 1020.6900099575274
3.3431293964385986 420.52782586643923 1020.2431042545783
3.3614048957824707 415.7476059546292 1019.7234544581759
3.3791420459747314 411.7212436887975 1019.2943450235488
3.410348653793335 404.17181444036294 1018.4897648336229
3.4302988052368164 399.1411687852861 1017.9321544883829
3.4660484790802 390.83868157003707 1017.0296048419999
3.487180709838867 385.55290508130423 1016.477544856004
3.508859157562256 380.5199522490145 1015.9411580627201
3.5363054275512695 373.98011289741464 1015.2162646139082
3.5571084022521973 368.44640267683013 1014.6028932341442
3.583527088165283 362.4068592780825 1013.9592290822035
3.603397846221924 357.3716888072121 1013.4440753834525
3.6214754581451416 353.0927268877617 1012.9971696805034
3.6465110778808594 347.3035431143877 1012.392532552984
3.6684415340423584 342.0177666256549 1011.8404725669881
3.693389892578125 335.4720450135233 1011.1707727586119
3.7173759937286377 329.9310166290205 1010.6274701752852
3.735948324203491 325.6484370147724 1010.2166762329474
3.760584592819214 319.09994892399635 1009.5745913617433
3.7831387519836426 314.06265039263013 1009.0806799223554
3.8003313541412354 309.780070778382 1008.6698859800176
3.8266875743865967 303.48215958095835 1008.0657772412856
3.84541392326355 298.44282260504053 1007.593116848181
3.8809592723846436 290.37988344357206 1006.8368602192137
3.9006474018096924 285.844480165246 1006.4114658654196
3.9193758964538574 279.29334209655286 1005.7970073543836
3.9451680183410645 275.0090679028563 1005.4042804153271
3.9634904861450195 270.2207614510778 1004.9653503069698
3.993316411972046 263.6670899523394 1004.378529087612
4.020688772201538 256.1111421552901 1003.6376619285303
4.072796821594238 244.28107096622142 1002.4020991027298
4.113065481185913 234.20647390348904 1001.4142762239542
4.157533645629883 223.62386625406165 1000.4216893984345
4.189529180526733 216.31263777982468 999.7825755442996
4.2213006019592285 208.2436059818665 999.094362020792
4.262942552566528 198.9154868940469 998.2789408965509
4.286935329437256 192.61508366802255 997.7014012802913
4.332762718200684 182.28242237734264 996.7542363096255
4.376585245132446 171.44572882858077 995.760868169659
4.436774253845215 157.08080947324527 994.4440778445871
4.49053430557251 144.2231318116561 993.3201189976602
4.546589374542236 130.60664065260164 992.1587586767411
4.600609540939331 116.7457535553481 990.8881715209699
4.670830488204956 99.35664065152093 989.2941621800934
4.7229697704315186 88.00366873302961 988.3981716940879
4.755412578582764 80.17780398990064 987.8469305086614
4.780032157897949 74.1181834428053 987.432941582397
4.803194046020508 68.05856289570997 987.0189526561326
4.82703709602356 62.75564276568929 986.6678950944706
4.8549964427948 56.44093601185977 986.2766005353632
4.878931522369385 50.37803880188859 985.9137432257038
4.902609348297119 44.31514159191741 985.5508859160444
4.926431655883789 39.010787918700615 985.2221984863942
4.954099416732788 32.444365723731075 984.8014030321929
4.978567123413086 26.383052928374575 984.4129764590839
5.004355430603027 20.321740133018075 984.0245498859749
5.032843351364136 12.239989739209411 983.5066477884964
5.066568374633789 5.168458144626831 983.0534834532026
5.090956687927246 -0.6410720688963245 982.6934924588238
5.116711139678955 -6.955778822725842 982.3021978997164
5.138732671737671 -12.260132495942635 981.9735104700661
5.164380073547363 -18.57643350716925 981.6088539818134
5.190471172332764 -24.89421640578446 981.270842051828
5.213533878326416 -30.70657667251045 980.9598710762416
5.238240957260132 -36.26558595503302 980.6506962846702
5.263867139816284 -42.83532419801423 980.2853078946313
5.291075706481934 -49.15310709662944 979.947295964646
5.316441535949707 -55.218849524059486 979.6355960930954
5.3391077518463135 -61.28459195148953 979.3238962215448
5.366634130477905 -67.35033437891957 979.0121963499943
5.389082908630371 -73.41607680634962 978.7004964784437
5.4152162075042725 -79.48181923377967 978.3887966068932
5.441273212432861 -85.79960213239488 978.0507846769078
5.470665693283081 -92.3693403753761 977.6853962868689
5.495833396911621 -98.6871232739913 977.3473843568836
5.520671129226685 -104.49948354071729 977.0364133812972
5.545500993728638 -110.8172664393325 976.6984014513118
5.5709943771362305 -116.88164020208438 976.3611198605066
5.595909118652344 -123.197941213311 975.9964633722539
5.620570182800293 -128.75695049583356 975.6872885806824
5.645813941955566 -134.82269292326362 975.3755887091319
5.6711297035217285 -141.14184531289544 975.0642273508076
5.697957277297974 -147.45962821151065 974.7262154208223
5.7233452796936035 -153.77741111012585 974.388203490837
5.748126268386841 -160.09519400874106 974.0501915608517
5.77403998374939 -166.6633326528765 973.657096142054
5.798393964767456 -172.97633280766303 973.2391704734089
5.8245460987091064 -179.79032286728525 972.7303121559247
5.84671688079834 -185.59096976828485 972.2478908174705
5.87822961807251 -193.40346976855503 971.5317416933086
5.903016090393066 -199.69877689453313 970.9010745794867
5.926053047180176 -205.48535889304 970.272024825947
5.950131416320801 -212.0155023961229 969.4644388639534
5.978450298309326 -218.7875851447954 968.5543330651388
6.003409385681152 -225.05070037749425 967.6587771479662
6.029311418533325 -231.30198247184697 966.6840438533301
6.0541815757751465 -237.54043052010624 965.6302892481126
6.079859256744385 -243.27142052868447 964.6124541242106
6.101483345031738 -249.2400523519528 963.4873664991261
6.129054546356201 -255.19898095212406 962.3119695687615
6.1510820388793945 -260.41086289788535 961.2725034074911
6.178918123245239 -266.6102096303955 960.0088844344762
6.20441198348999 -272.30865449714355 958.8223091446167
6.229387283325195 -277.7617223831868 957.6988217681326
6.251466751098633 -283.46016724993484 956.5122464782731
6.283355474472046 -289.6541290616175 955.2224907284259
6.305989027023315 -295.1071969476607 954.0990033519417
6.333277225494385 -300.81059594157006 952.936473896768
6.355944871902466 -305.28347088764957 952.0737845146467
6.38325572013855 -311.2521027109179 950.9486968895623
6.4075233936309814 -316.47672008979185 949.9752614467379
6.433446168899536 -321.7093631411024 949.0459337249143
6.4582273960113525 -327.1972295885034 948.1070540146179
6.4841389656066895 -332.68900728931885 947.1913297440315
6.50835108757019 -337.688377321831 946.400997989588
6.533998250961304 -343.44328808185605 945.5285090429417
6.5583765506744385 -348.45225818813424 944.8014990853248
6.581144332885742 -353.9686753476848 944.0482959409263
6.60606837272644 -358.73944807149906 943.4480743702744
6.63319730758667 -364.7733468478323 942.7534855978241
6.660905122756958 -370.8101216339245 942.0843531835362
6.686706066131592 -376.5993054072985 941.4797160560169
6.7087602615356445 -381.63660393866473 940.985804616629
6.736536502838135 -387.6838083097661 940.4186121449035
6.760524749755859 -393.2312676708624 939.945465347492
6.784118413925171 -398.7825209535062 939.5191318549635
6.8106160163879395 -404.58880769840835 939.1101464593245
6.8366382122039795 -410.39676784081195 938.725654844171
6.861021518707275 -416.20776477114043 938.3901708749785
6.886766672134399 -421.7680286629513 938.1044459927239
6.909464597702026 -427.329448244303 937.842176102968
6.9366536140441895 -433.39760424130475 937.5816558505853
6.960625886917114 -438.70770967446333 937.3648988305877
6.98335862159729 -444.5235394345894 937.127498284876
7.008455514907837 -449.8345118852709 936.9331405089041
7.033571004867554 -456.4121733828195 936.7618557152657
7.065538644790649 -463.2438105113394 936.6272025900447
7.091159343719482 -469.06378529255755 936.5370451507684
7.116641283035278 -474.88408857575627 936.4714363902369
7.142580270767212 -481.2107497053291 936.4268071352635
7.1667211055755615 -486.52525590315776 936.4117343047678
7.192585229873657 -492.85206840222367 936.4204761873145
7.216792345046997 -498.41963479635916 936.4399107392295
7.242722034454346 -504.7463541448249 936.4753381946288
7.265377521514893 -510.31378904178337 936.5182558255566
7.292985200881958 -516.3873543839198 936.565075059296
7.316902160644531 -522.207746935029 936.622218465438
7.338934898376465 -527.7749512874874 936.6886184118534
7.364088296890259 -534.1016706359532 936.7240458672527
7.3884687423706055 -540.6814814637737 936.6915077824773
7.415845155715942 -546.5020097029807 936.6504488679018
7.4399895668029785 -552.3223129861794 936.5848401073703
7.469285249710083 -559.4072524497792 936.4601412497614
7.49133038520813 -564.7207479941836 936.355411041256
7.519878625869751 -570.7930484041007 936.2229129749667
7.54449462890625 -576.359323779858 936.1014564142014
7.570364236831665 -582.1783309444171 935.9622068659713
7.592865705490112 -587.4907539621994 935.8126575526492
7.620538949966431 -593.8157617497636 935.6612993480512
7.645869970321655 -599.8885670042777 935.5544146129579
7.670923709869385 -605.2024570219116 935.47209695101
7.693463563919067 -610.5166469761366 935.4121933000899
7.718585252761841 -616.0840135632818 935.3611782115908
7.743224859237671 -622.1576850966546 935.3311430564135
7.768467664718628 -628.2314292875457 935.3267261042158
7.792869567871094 -633.0398067868358 935.3333699349513
7.820402383804321 -639.3665261353016 935.3687973903506
7.8448920249938965 -644.9339610322601 935.4117150212784
7.881394624710083 -654.0433924654656 935.5587931531962
7.9094154834747314 -659.8619926043535 935.7141226146822
7.934957504272461 -665.6798858264701 935.8939927731906
7.9602370262146 -671.7503215995608 936.0944859916045
7.985257863998413 -677.3140630442537 936.3017404041564
8.01049017906189 -683.3825915341858 936.5534346089593
8.033999681472778 -688.69207769799 936.7848649296827
8.060916185379028 -694.7594905943541 937.0621531387447
8.08342432975769 -700.5722970021421 937.3646700530675
8.107470750808716 -705.8784297515335 937.6632643644916
8.133333444595337 -712.1936989409689 938.0453741442858
8.158147096633911 -717.2438791577299 938.3830200865069
8.185539960861206 -723.8072036510245 938.8496471887893
8.20742416381836 -728.8543559126597 939.2298827104497
8.23550295829773 -735.413510570996 939.7518591705417
8.257410526275635 -740.7085159564871 940.2069649654934
8.287432432174683 -747.7672277171697 940.8286604597365
8.315526485443115 -753.8152506398674 941.3870570324092
8.340261459350586 -759.86086452175 941.9709583914048
8.366864681243896 -766.1570822569986 942.5924686883343
8.391286849975586 -772.1975554389567 943.2273480027668
8.41672968864441 -777.9850462324578 943.8479808515691
8.438814878463745 -783.2692769569587 944.4146456265626
8.463495969772339 -789.3070185712628 945.0749972031871
8.490553379058838 -795.3447601855669 945.7353487798116
8.515435457229614 -801.1268096090824 946.4047808390196
8.538695573806763 -807.1557122385383 947.1414769028006
8.565138101577759 -813.4341867968956 947.9221112851513
8.590558290481567 -818.9577833692231 948.6207200176239
8.615830659866333 -824.98025696948 949.4082476298744
8.640983819961548 -830.9993553120489 950.2211702266409
8.669371366500854 -837.7688971851985 951.1499867572738
8.695947408676147 -843.7809238264501 952.013655484698
8.719858884811401 -849.5406910140007 952.8534868743757
8.745864868164062 -855.2968646703478 953.7176047227321
8.770435810089111 -861.3013917848957 954.6319581207724
8.79397439956665 -866.805541639898 955.4701154023094
8.818443059921265 -873.058234813885 956.435755547925
8.843563079833984 -878.0554017273319 957.2398997161026
8.867907285690308 -884.2953758005967 958.2845797550757
8.896099090576172 -890.2836225506982 959.3001036916467
8.92030668258667 -895.7688735112708 960.2541451763066
8.946099519729614 -901.7483405821662 961.3201477813355
8.970358848571777 -907.2253484054605 962.3204270215917
8.996395826339722 -912.9490929819145 963.3782468745846
9.02993369102478 -920.651403545017 964.8690311687666
9.075302362442017 -931.3082330944158 967.0719136636671
9.119370698928833 -940.9565316222194 969.1513405910513
9.163454532623291 -949.5992107625858 971.0904686429384
9.196603536605835 -956.0102445079691 972.5715545865697
9.22276520729065 -960.4442881428963 973.6156332698363
9.260964155197144 -966.8360680214028 975.1777213728527
9.288352012634277 -971.2518662457089 976.2964569517562
9.311366558074951 -974.6789136736729 977.1955260138842
9.338435649871826 -977.855826400899 978.0504925850469
9.362674713134766 -980.783309442225 978.8582301935626
9.388631820678711 -983.4620973440952 979.6156195851719
9.414475440979004 -985.8929541210638 980.3195489714614
7.033348083496094e-05 -988.5585830749887 981.1220236400495
0.02869391441345215 -990.4909605752969 981.7260511203458
0.05717110633850098 -991.2160782226241 981.9510326976493
0.07884526252746582 -991.4590149054044 982.0219381323483
0.10566496849060059 -990.9694367014096 981.8934996949014
0.13047218322753906 -989.98217151056 981.6698024819121
0.15798020362854004 -989.2355961310225 981.5318259793479
0.1801896095275879 -988.2335916908139 981.3878811914439
0.20649147033691406 -986.7234733953244 981.2291613628357
0.23203301429748535 -985.208005563409 981.1342587770175
0.25763440132141113 -983.1838433308064 981.0930367349121
0.2840557098388672 -981.1597431941674 981.1372027570085
0.30785131454467773 -979.8968018434015 981.21546166883
0.3320045471191406 -978.8893421371282 981.3142439567076
0.35846662521362305 -978.6386686628837 981.3490091953853
0.38346052169799805 -978.6386686628837 981.3490091953853
0.4111449718475342 -979.3792272045333 981.1817209442104
0.4382162094116211 -980.600637154139 980.8511108297882
0.46350669860839844 -982.2895734037872 980.3165650809308
0.488811731338501 -983.957005924456 979.7183062723755
0.5147631168365479 -986.0701111141257 978.8683078778395
0.537348747253418 -987.6903981900618 978.152127310837
0.5747082233428955 -991.0875273897408 976.4580727026636
0.599372386932373 -993.071770282119 975.3398191726583
0.6240391731262207 -995.2249412820584 974.0099936592785
0.6486060619354248 -997.3201234645219 972.590559661763
0.671597957611084 -999.3535899474948 971.0840420503023
0.6965970993041992 -1001.3217236280224 969.4931205982537
0.7188191413879395 -1003.2210236162641 967.8206252153959
0.7396650314331055 -1004.8687226756858 966.2481117423523
0.7675290107727051 -1007.1408232463027 963.8687628164445
0.7884831428527832 -1008.6357240955426 962.150338461326
0.8158810138702393 -1011.0042436344036 959.1837877692227
0.8414013385772705 -1013.0901113409276 956.3198507652244
0.8668656349182129 -1014.9189017380879 953.5850257255792
0.8914437294006348 -1017.1574702003826 949.9110563387912
0.9184582233428955 -1019.0082249070311 946.5966914176332
0.9388041496276855 -1020.3035067954329 944.1325915529144
0.9679920673370361 -1022.414190890039 939.8122268728274
0.9888021945953369 -1023.8679656726175 936.5812025563715
1.0215699672698975 -1025.9798766717977 931.4296974184088
1.042633295059204 -1027.388541683654 927.6334636417597
1.0702221393585205 -1028.9371251837956 923.0812743377813
1.0914347171783447 -1030.1519235709454 919.2186336761124
1.111701488494873 -1031.3471008449692 915.0857423033455
1.1417114734649658 -1032.746603780554 909.6969052499355
1.1625885963439941 -1033.748811279985 905.5130290634884
1.1847076416015625 -1034.6338331574484 901.5617679636608
1.2095634937286377 -1035.735897778676 896.104330210873
1.2353320121765137 -1036.6329287077647 891.1229990116532
1.256364107131958 -1037.383464664746 886.6299444793145
1.2777180671691895 -1038.0580927592912 882.1248673226678
1.2981650829315186 -1038.614373649279 877.8587459710336
1.328718662261963 -1039.3963096366251 871.3254814448907
1.350252389907837 -1039.8971835947568 866.5432577367992
1.3774383068084717 -1040.449977195808 860.2406351038404
1.3981928825378418 -1040.8001166882923 855.6988022591516
1.4212956428527832 -1041.1527167920171 850.3959844719906
1.4451711177825928 -1041.4635086207375 844.8370653599585
1.466151475906372 -1041.701540249891 840.0345785812481
1.492866039276123 -1041.9856827626181 833.4608252934127
1.5143537521362305 -1042.1629280327516 828.6557110980598
1.5439684391021729 -1042.3715825192976 821.3195682677787
1.5657596588134766 -1042.467736848241 816.5121476848474
1.591176986694336 -1042.546743327104 809.6796404366843
1.6141777038574219 -1042.5732449215323 804.6182549870712
1.638828992843628 -1042.56579131552 797.7852950308252
1.6683282852172852 -1042.5169844370091 791.2055847677912
1.6906635761260986 -1042.4756863090383 785.638137622147
1.7129061222076416 -1042.3817738115656 778.805818999401
1.738783359527588 -1042.2700324140949 773.239340119983
1.7661569118499756 -1042.11848815485 766.4080568102825
1.7882230281829834 -1041.959793821132 760.8427186028272
1.8146886825561523 -1041.7279451974023 753.7604757925561
1.836855411529541 -1041.542857108323 748.4491722128066
1.8574528694152832 -1041.247289594564 741.6226037362795
1.888547420501709 -1040.948806064537 735.0494859951184
1.9094536304473877 -1040.696527278466 729.7409495931449
1.936854362487793 -1040.315381065995 722.6651708676137
1.957887887954712 -1040.0218185572317 717.6122364669401
1.9783191680908203 -1039.706946056944 712.5605852208004
2.0053303241729736 -1039.2349341992617 705.2366700706059
2.029965400695801 -1038.8315219311658 699.1763362062219
2.0516231060028076 -1038.4617273520778 693.6210301638699
2.0776124000549316 -1038.0246973949738 687.055668477454
2.1058297157287598 -1037.5564811260356 680.2387651595681
2.126802921295166 -1037.1923129168613 674.9367292456567
2.152894973754883 -1036.7275950279989 668.3732692937231
2.191588878631592 -1035.9674949750422 658.7865909756528
2.212839365005493 -1035.504031036456 653.2383142672913
2.233909845352173 -1035.0936622316626 648.4474755348543
2.26157546043396 -1034.4740200597128 641.3885832289253
2.2906954288482666 -1033.854377887763 634.3296909229963
2.311412811279297 -1033.3784822178773 629.0365135569559
2.3344078063964844 -1032.8682314049017 623.4923438839776
2.3565073013305664 -1032.3579805919262 617.9481742109992
2.376828670501709 -1031.9072125112982 613.160967671309
2.40624737739563 -1031.2280459853532 606.1075536158322
2.4304428100585938 -1030.63493008979 599.8085976425556
2.4578986167907715 -1030.0042754585554 593.2589988767556
2.4786949157714844 -1029.4837452874192 587.9700243392942
2.5001041889190674 -1028.9986263403157 582.9318714425251
2.527444839477539 -1028.3194598143707 575.8784573870483
2.549254894256592 -1027.7858289725568 570.3364892006023
2.5726499557495117 -1027.2401623486387 564.5414497051878
2.5983259677886963 -1026.6944957247206 558.7464102097733
2.61940860748291 -1026.1608648829067 553.2044420233273
2.6425304412841797 -1025.5907604097576 547.4117556251553
2.664604425430298 -1025.1056414626541 542.3736027283861
2.6974308490753174 -1024.3634584619624 534.3093559313266
2.718075752258301 -1023.9126903813343 529.5221493916364
2.7385802268981934 -1023.4144730290611 524.231026374084
2.7659218311309814 -1022.7838183978265 517.681427608284
2.7868549823760986 -1022.2774535095493 512.6453656940516
2.819573163986206 -1021.4672696883059 504.5876666312798
2.84476375579834 -1020.8596318223733 498.5443923342009
2.867250919342041 -1020.3532669340962 493.5083304199685
2.896578073501587 -1019.6036394028555 486.20760532683926
2.9183402061462402 -1019.0232773997799 480.6703358553126
2.9483909606933594 -1018.2318746683131 473.1195138486853
2.9703590869903564 -1017.7407393892245 468.3362801669799
2.9913344383239746 -1017.1217900794858 462.5486090835608
3.0213305950164795 -1016.366546750818 455.757511614491
3.0420050621032715 -1015.8726003201666 451.22906152898304
3.0699753761291504 -1015.1460076522125 444.43483895279536
3.090865135192871 -1014.6031739226934 439.14810698880524
3.1123781204223633 -1014.0603401931743 433.8613750248151
3.139573097229004 -1013.3875692043279 427.5704281950117
3.1615724563598633 -1012.8224415736969 422.2860328579768
3.1821987628936768 -1012.3111356221737 417.50491326732623
3.209909439086914 -1011.5427745078271 410.4606575787583
3.2355432510375977 -1010.8841792669585 404.4227241314143
3.2628815174102783 -1010.115818152612 397.3784684428464
3.2844698429107666 -1009.5669887852215 392.3468572367264
3.3120040893554688 -1008.853510607614 385.80576266877046
3.3329074382781982 -1008.288382976983 380.5213673317356
3.354161262512207 -1007.8135413381029 375.9908741277592
3.379763603210449 -1007.1407703492565 369.69992729795575
3.4006764888763428 -1006.6131685282786 364.66604596020426
3.4269003868103027 -1006.005530662346 358.6227716631254
3.447680950164795 -1005.4626969328269 353.33603969913526
3.4727251529693604 -1004.7768145655557 346.7919939600583
3.49545955657959 -1004.2655086140325 342.0108743694077
3.5175704956054688 -1003.661796309903 336.47610204267573
3.5476973056793213 -1002.9352036419489 329.68187946648806
3.570284366607666 -1002.3923699124298 324.39514750249793
3.599750518798828 -1001.5043122071525 316.0910976871574
3.6268744468688965 -1000.860956779028 310.30608873202385
3.651702642440796 -1000.295829148397 305.021693394989
3.6822056770324707 -999.5044264169303 297.4708713883617
3.7034499645233154 -998.9768245959524 292.4369900506102
3.72739315032959 -998.4339908664333 287.15025808662006
3.750894546508789 -997.8263530005007 281.1069837895412
3.77284836769104 -997.3199881122235 276.0709218753088
3.7944440841674805 -996.7396261091479 270.5336524037821
3.8225715160369873 -996.0668551203015 264.2427055739787
3.8442442417144775 -995.5920134814214 259.7122123700023
3.870598316192627 -994.8940844006112 252.91498555915786
3.891690731048584 -994.387719512334 247.87892364492544
3.919523000717163 -993.7184664351589 241.07881352533215
3.9414331912994385 -993.2121015468817 236.04275161109973
3.9619948863983154 -992.6692678173627 230.7560196471096
3.9895613193511963 -992.0747356374131 224.9657894008347
4.010687351226807 -991.568370749136 219.92972748660227
4.042879104614258 -990.799969067935 212.12219364558777
4.064610958099365 -990.3290131988118 207.33693096883695
4.091371774673462 -989.6707388440515 200.79005048033483
4.111950635910034 -989.1796035649628 196.00681679862947
4.134218454360962 -988.6367698354437 190.72008483463935
4.160585641860962 -987.9905392050638 184.42635630607967
4.182194471359253 -987.4841743167866 179.39029439184725
4.20767617225647 -986.876536450854 173.34702009476834
4.2296178340911865 -986.3560062797178 168.05804555730688
4.256656646728516 -985.7628903841545 161.75908958403025
4.277648687362671 -985.2990260087221 156.7189353358681
4.301671981811523 -984.7653951669082 151.17696714942204
4.326769113540649 -984.2317643250943 145.63499896297597
4.348554372787476 -983.7215135121187 140.0908292899976
4.381990194320679 -983.0257169489701 132.5305979177544
4.40278434753418 -982.5274995966969 127.23947490020203
4.425902366638184 -981.8140214190894 120.69838033224607
4.459289073944092 -981.1005432414819 114.15728576429012
4.479992151260376 -980.6497751608538 109.37007922459988
4.5085368156433105 -980.0003650352485 102.31386327717287
4.540894031524658 -979.3431757768349 95.0042373907361
4.5674567222595215 -978.7401520887728 88.4520368681253
4.606661319732666 -977.9051962129945 79.37975922143345
4.642366409301758 -977.0702403372162 70.30748157474159
4.688298225402832 -976.0514905482988 59.727360491526376
4.732221364974976 -975.1237617974341 49.64705199520209
4.7615344524383545 -974.5041196254843 42.58815968927311
4.791196346282959 -973.9563895162461 36.0311053975733
4.823449611663818 -973.3198158782748 28.211719243552036
4.855922222137451 -972.6456865130584 20.141498576844576
4.87684178352356 -972.1822225744721 14.593221868483198
4.905854940414429 -971.6766255505598 8.540556368452602
4.927223205566406 -971.2765728911089 3.4949362010471647
4.947727680206299 -970.9066325646479 -1.2991938004258925
4.969452381134033 -970.4754052615061 -6.596197324117716
4.994613170623779 -969.9276751522679 -13.153251615817528
5.019271373748779 -969.4964478491261 -18.450255139509352
5.040359735488892 -969.1176805006122 -23.49751779363802
5.066324472427368 -968.6698580001594 -29.300938321736986
5.0894787311553955 -968.2298000747634 -34.85112050588297
5.110461473464966 -967.8800840394322 -39.64676822134314
5.137470483779907 -967.4199313613649 -45.956831004843366
5.158898115158081 -967.0334031117883 -51.25728374298355
5.18541145324707 -966.6044327528383 -57.31586216015304
5.207499265670776 -966.240264543664 -62.61789807406436
5.231675863265991 -965.7023815195361 -70.69834322657633
5.265320301055908 -965.3382133103618 -76.00037914048764
5.285842657089233 -965.0087277877756 -80.79745925307407
5.312708616256714 -964.5716978306716 -87.36282093949005
5.336627721786499 -964.1728469349093 -93.16981265472626
5.367266893386841 -963.7358169778054 -99.73517434114224
5.388067245483398 -963.3996400877254 -104.78545256146222
5.421630144119263 -962.8617570635975 -112.86589771397419
5.442624568939209 -962.5468845633097 -117.91754896011389
5.464632749557495 -962.2578772913125 -122.71723781595641
5.494784832000732 -961.8468897790437 -129.79134597689946
5.516890287399292 -961.5533272702803 -134.84428037757306
5.537367105484009 -961.2845670159999 -139.64514553313464
5.568009376525879 -960.8761960740668 -147.2263370247753
5.597409725189209 -960.5492112646056 -153.54470024266874
5.619504928588867 -960.2483852399013 -159.35759440313072
5.648463726043701 -959.9221798317084 -165.9293947111537
5.674553394317627 -959.6466565732217 -171.99688801068706
5.695290565490723 -959.418404338205 -176.79984951723446
5.718504428863525 -959.1658413512589 -182.36171837514007
5.742713212966919 -958.9132783643128 -187.92358723304568
5.765382289886475 -958.6372584035341 -193.48434133983434
5.789647579193115 -958.3612384427555 -199.045095446623
5.810790777206421 -958.1103112056841 -204.10032645279452
5.836886405944824 -957.8091985211984 -210.16660366020034
5.8578901290893555 -957.5582712841269 -215.22183466637185
5.881574630737305 -957.3073440470555 -220.27706567254336
5.90479040145874 -957.0547810601093 -225.83893453044897
5.9397947788238525 -956.6185359008388 -235.44579892137682
5.97028374671936 -956.343012642352 -241.5132922209102
5.993936777114868 -956.0912329084093 -247.32851721943328
6.016571521759033 -955.8616301930037 -252.3847616357111
6.038020372390747 -955.5079982794769 -258.70168947197635
6.072249889373779 -955.15436636595 -265.0186173082416
6.092678785324097 -954.9244805219153 -270.32817056776264
6.117640018463135 -954.6719175349691 -275.89003942566825
6.139578580856323 -954.419638748898 -281.19857582764166
6.166894435882568 -954.1459651250472 -287.5194725651668
6.188695907592773 -953.9376910160494 -292.5766404385504
6.207998275756836 -953.7502443179513 -297.1280915245956
6.238317251205444 -953.4586605653544 -304.20812654733265
6.266267538070679 -953.1879042236573 -310.7824447827314
6.288376331329346 -952.9822682466335 -316.34624627989757
6.307728052139282 -952.8140206290685 -320.89844750485173
6.336400032043457 -952.5472492990721 -327.72620192174423
6.354707717895508 -952.3790016815071 -332.2784031466984
6.384397029876709 -952.1172831652951 -339.35960505218264
6.404911518096924 -951.9090090562974 -344.41677292556625
6.425575017929077 -951.6791232122627 -349.7263261850873
6.459975004196167 -951.3178740287796 -358.0699098786205
6.482253074645996 -951.0415686916541 -363.88402117602
6.505340814590454 -950.7430851616268 -370.45713891718117
6.529805660247803 -950.5355963494073 -375.76761457476425
6.547831773757935 -950.3857631344383 -380.0672412821805
6.566464185714722 -950.272205431089 -384.3679789472148
6.595808267593384 -950.1678961036426 -390.9470433807853
6.615625619888306 -950.1269110843753 -395.2490847617614
6.634392023086548 -950.1139547122294 -399.2982278976632
6.652158975601196 -950.1180772005983 -403.3473896637192
6.6700427532196045 -950.1299477413298 -407.14346222691495
6.696249008178711 -950.1873672696333 -413.21693660354805
6.722360610961914 -950.3050727774541 -419.79577500179846
6.744722843170166 -950.433759154871 -425.1087443347841
6.7694854736328125 -950.5869572232245 -431.43370782643365
6.790160655975342 -950.7156436006414 -436.7466771594193
6.817365407943726 -950.9154876204894 -444.3362287684981
6.841420650482178 -951.1241421070356 -451.6723715987792
6.8664679527282715 -951.2976422979502 -456.98406633781786
6.894627094268799 -951.5790927203416 -465.07750180553705
6.9146623611450195 -951.7549992343362 -470.1358989728615
6.931880712509155 -951.9119755975447 -474.94171802246797
6.9627087116241455 -952.163799977859 -483.79568350729
6.984397649765015 -952.3236751937374 -489.86732479455304
7.0025200843811035 -952.4603798573365 -494.6737632005993
7.0320117473602295 -952.6978142730615 -503.0217878005744
7.051408052444458 -952.8310436196268 -508.0814888732936
7.075482368469238 -953.0175647048184 -515.1650703751005
7.094620943069458 -953.1507940513837 -520.2247714478198
7.111891984939575 -953.2672245833323 -525.0317437014735
7.144615411758423 -953.4939577244955 -534.3926896691148
7.16582727432251 -953.6103550700586 -540.2121987958211
7.191424369812012 -953.6952138806894 -547.5508176919963
7.2120280265808105 -953.7625156960172 -553.3711016441351
7.242441892623901 -953.8939895554896 -562.986967070031
7.268248558044434 -953.9612913708174 -568.8072510221699
7.286738157272339 -954.0227408543776 -574.1214233262967
7.319244384765625 -954.1310089920788 -583.4844888145202
7.340252876281738 -954.1628109053929 -589.5581513540559
7.359294652938843 -954.1679640158541 -594.6196035616258
7.384684801101685 -954.2181511883707 -601.452383271789
7.404824495315552 -954.2101454633946 -608.7914884099791
7.4379236698150635 -954.1711844437874 -616.1304944979989
7.459400177001953 -954.2029863571015 -622.2041570375346
7.48459529876709 -954.2568910979528 -629.5430685780804
7.503375053405762 -954.2922079971312 -634.3513209667137
7.528543949127197 -954.3423951696478 -641.1841006768769
7.550723314285278 -954.3950297372594 -646.7514521887906
7.5778937339782715 -954.445216909776 -653.5842318989538
7.598348140716553 -954.4842513772891 -658.8986161179696
7.616502046585083 -954.5225310628247 -662.947599035725
7.644380569458008 -954.6073898734554 -670.2862179319002
7.667789697647095 -954.6752792976773 -674.5879188561294
7.694772005081177 -954.7916766432404 -680.4074279828357
7.716846704483032 -954.908107175189 -685.2144002364894
7.734655141830444 -955.0146906524413 -689.2621610946647
7.759406566619873 -955.16578528063 -694.574540385558
7.784757375717163 -955.3312698734079 -700.3928605612981
7.807175159454346 -955.4703822480976 -704.9460452709819
7.8261878490448 -955.6111074592933 -708.9927630048415
7.852728366851807 -955.8176553056203 -715.3162091227447
7.871275901794434 -955.958380516816 -719.3629268566043
7.894821882247925 -956.1766821746786 -724.6729690130427
7.914361476898193 -956.3733962219512 -729.224028981544
7.938120365142822 -956.612488513896 -735.0397894385957
7.962003707885742 -956.8099995376765 -739.8441132944209
7.982591152191162 -957.0506963027216 -745.1531874495139
8.010242938995361 -957.3385737172853 -751.2201071457051
8.028525829315186 -957.5515493854754 -755.5170690003408
8.059275150299072 -957.9172577486438 -762.5936624181564
8.08067512512207 -958.1755435086426 -767.3951024919622
8.10014796257019 -958.4394311386593 -772.9564455468043
8.127922296524048 -958.6801279037044 -778.2655197018972
8.146585464477539 -958.9112256889664 -782.5615450310919
8.17776346206665 -959.3054513226488 -789.8900588279533
8.197585821151733 -959.5365491079108 -794.186084157148
8.216444969177246 -959.7908333314091 -798.7342907033561
8.24464464187622 -960.1866466465175 -805.5557809466598
8.265275001525879 -960.4651819423345 -810.3560888956512
8.282504796981812 -960.6778774787629 -813.8927172138059
8.312528848648071 -961.1339099216274 -821.2176447036925
8.332427501678467 -961.4265522124311 -825.7635443663471
8.350239753723145 -961.6784094293776 -829.5512713571765
8.382761001586914 -962.1989143444001 -837.3792404715571
8.404497146606445 -962.566669381309 -842.4273174556066
8.424487352371216 -962.9416329261743 -847.7286008527662
8.454879522323608 -963.388018098633 -854.0396525160515
8.489273071289062 -964.0405123765457 -861.8577262583202
8.510283946990967 -964.5146386333381 -866.8969255297008
8.530277490615845 -965.0595530134768 -872.4377956394609
8.561700820922852 -965.6920513312035 -878.7329190454728
8.585221290588379 -966.2456488638754 -884.018534722837
8.610399007797241 -966.9165372764326 -890.0551146107989
8.631455421447754 -967.4387952262165 -894.5803869658266
8.648890256881714 -967.9410510716993 -898.8532055766634
8.677677392959595 -968.7061592428155 -905.1335910986945
8.695851802825928 -969.2444412541358 -909.4020208207028
8.722589492797852 -970.0625013864709 -915.6757286907531
8.742823839187622 -970.6610295915597 -920.1915461406733
8.76589059829712 -971.3472184763007 -925.2062714390839
8.791348934173584 -972.1728060022788 -930.9680975432649
8.811187982559204 -972.7724754196523 -934.9726105713954
8.829625129699707 -973.3890300042508 -938.9745586528691
8.847781419754028 -974.0055845888493 -942.9765067343427
8.869745254516602 -974.6696397296321 -947.2271855725326
8.89453935623169 -975.3695285157544 -951.4721114261247
8.912206411361694 -975.895135931573 -954.4631536936125
8.941553592681885 -976.7921668606616 -959.4444848928323
8.962379932403564 -977.4347903385715 -962.9287372254898
8.988625764846802 -978.1860061932908 -966.9076067561754
9.012405395507812 -978.816810261067 -970.1365119177268
9.0325345993042 -979.3735960450804 -972.8640626330114
9.050698280334473 -979.8291480501823 -975.095695036426
9.087259531021118 -980.6197498567449 -978.8085452351609
9.112861156463623 -981.1222608482703 -981.0300747795781
9.134912967681885 -981.6341374849277 -983.2494650386733
7.224082946777344e-05 -982.2826246904417 -985.9566790416685
0.02206873893737793 -982.5877616282995 -987.1847005243425
0.043215274810791016 -982.7708437910142 -987.9215134139469
0.07504153251647949 -982.9445881827673 -988.6605839105341
0.10056877136230469 -982.840218865737 -988.1653160075732
0.13080263137817383 -982.6238445638954 -986.9185893036575
0.1517467498779297 -982.5225028217508 -986.1661651122
0.1798417568206787 -982.3960031582054 -984.9071404309976
0.20104098320007324 -982.3120507525566 -983.6445647673878
0.22329378128051758 -982.2707411832912 -982.3798755438072
0.2407224178314209 -982.275599822846 -980.861446867844
0.27055907249450684 -982.3447627602525 -979.0912883153163
0.28986144065856934 -982.4205162299553 -978.0818357844906
0.3076670169830322 -982.4463654551705 -977.8300866433483
0.3268609046936035 -982.4463654551705 -977.8300866433483
0.353992223739624 -982.3618836232321 -978.3291318017388
0.37535834312438965 -982.2585229950236 -978.8246111964435
0.42956972122192383 -981.3171559902913 -982.2402820550585
0.5104694366455078 -978.9109611753885 -988.364430630134
0.5774366855621338 -975.2931379815353 -995.0392030305353
0.6720874309539795 -969.212783759284 -1003.1325702252324
0.7460334300994873 -963.8092788011778 -1008.465802399708
0.7778141498565674 -960.2603990781078 -1011.3217253616369
0.8132426738739014 -957.1538347253448 -1013.5033682602176
0.8347723484039307 -954.5937493913611 -1015.1369410575498
0.8556962013244629 -951.9800101258055 -1016.683215306561
0.8859052658081055 -947.9741999229323 -1018.8521615649655
0.9069392681121826 -944.5662991890044 -1020.5244415661853
0.9345250129699707 -940.8696032268666 -1022.1767632558432
0.9557943344116211 -937.5937233000299 -1023.526426160771
0.9863619804382324 -932.8590155912584 -1025.315523116378
1.007065773010254 -929.2673211829245 -1026.5443595952995
1.0275585651397705 -925.6456816959186 -1027.6819162932027
1.056624174118042 -920.7829456038386 -1029.0862391559535
1.0765533447265625 -917.1124435722032 -1030.054599961927
1.0950500965118408 -912.6820714657206 -1031.1141499849982
1.1271615028381348 -906.9911589502802 -1032.3363404609372
1.1494781970977783 -902.5237667867727 -1033.2269865807411
1.1806859970092773 -896.0500813884695 -1034.404427288658
1.2032403945922852 -891.3006252693219 -1035.1548970671686
1.2239863872528076 -886.5420534547671 -1035.8452104756225
1.256408929824829 -879.7680012811843 -1036.740539727619
1.2771267890930176 -875.4939538799725 -1037.232229291907
1.3140666484832764 -866.6786186164479 -1038.0959332438492
1.3366382122039795 -861.8859218364838 -1038.4840001085613
1.3593206405639648 -856.3304549696388 -1038.8513706929896
1.3911478519439697 -849.0009888327011 -1039.227475024956
1.4135336875915527 -844.1970170158701 -1039.4333708706145
1.4418978691101074 -837.1157015882244 -1039.6919996048046
1.4633018970489502 -832.0562407508264 -1039.8340595882553
1.4836146831512451 -827.2489953108914 -1039.9386042982574
1.5103507041931152 -820.6698859900727 -1040.0400429574636
1.5309500694274902 -815.8615609763609 -1040.0634711174453
1.5572481155395508 -809.2817755507666 -1040.0261480682327
1.5815460681915283 -802.955412472361 -1039.9502335173636
1.6058430671691895 -797.3887470457423 -1039.8482076235712
1.6255230903625488 -792.5818260520801 -1039.7296796654505
1.6560440063476562 -784.9932867570293 -1039.4945145604504
1.6744730472564697 -780.4415154471994 -1039.3150119245363
1.7032454013824463 -773.363589687342 -1038.9760665809936
1.733381986618042 -765.783431085957 -1038.548952033141
1.7569186687469482 -758.9657209596703 -1038.092634212065
1.7989110946655273 -749.879472087477 -1037.4267104583766
1.837601661682129 -739.532866664074 -1036.646475210531
1.8766827583312988 -730.4525585928884 -1035.9039266629445
1.908844232559204 -722.6376063620879 -1035.2150526159905
1.9303574562072754 -717.5966501948653 -1034.7599856712416
1.967686653137207 -707.5227741611125 -1033.764836600585
2.009660482406616 -698.2104492085465 -1032.785387110198
2.0409629344940186 -690.1620670978284 -1031.8873573722315
2.0799105167388916 -681.111979005345 -1030.8388925271122
2.1398704051971436 -665.780888283436 -1029.0299907534159
2.196348190307617 -652.4671799879521 -1027.4021520747401
2.2307355403900146 -644.6759699489492 -1026.4828741241731
2.263798952102661 -636.631447200075 -1025.550905372956
2.301102638244629 -628.0883944119967 -1024.5246459896384
2.3435323238372803 -617.789110636245 -1023.2653745589647
2.3799498081207275 -609.2460578481667 -1022.239115175647
2.4076836109161377 -602.9660067653914 -1021.4712667423094
2.430731773376465 -597.4439474648557 -1020.7606090636189
2.457307815551758 -591.6724651642188 -1020.0054753858454
2.4818360805511475 -585.6484004727253 -1019.2302124636376
2.509274959564209 -578.6203249993162 -1018.3257390543952
2.5373377799987793 -572.845708984334 -1017.5949554356785
2.5613667964935303 -567.3207013446034 -1016.9075953874989
2.5869362354278564 -561.2934202830792 -1016.157748062212
2.6112256050109863 -555.7684126433486 -1015.4703880140324
2.63688063621521 -549.7411315818243 -1014.7205406887456
2.6608617305755615 -543.9665155668422 -1013.9897570700289
2.686502695083618 -538.4415079271116 -1013.3023970218493
2.710862398147583 -532.4142268655874 -1012.5525496965624
2.7369449138641357 -526.3901621740938 -1011.7772867743546
2.7610023021698 -520.6155461591117 -1011.0465031556379
2.784531831741333 -514.8409301441295 -1010.3157195369212
2.8105804920196533 -509.3159225043989 -1009.6283594887416
2.8366568088531494 -503.2855323010495 -1008.9039411005174
2.860410690307617 -497.7576746146459 -1008.2398909113118
2.8859703540802 -490.9752194452485 -1007.4106146033072
2.9118998050689697 -485.19757244909516 -1006.7041940446366
2.94036602973938 -478.91433854667343 -1005.9628408586954
2.9647128582000732 -472.6311046442517 -1005.2214876727542
2.989470958709717 -466.8505294540237 -1004.5394427416883
3.014570951461792 -461.06995426379564 -1003.8573978106224
3.0395312309265137 -455.2893790735676 -1003.1753528795565
3.064683437347412 -449.50880388333957 -1002.4933079484906
3.089526414871216 -443.72822869311153 -1001.8112630174247
3.1116182804107666 -437.6948366314559 -1001.112286454012
3.1393449306488037 -432.1642272416049 -1000.4715579375502
3.164034843444824 -426.38082669649276 -999.8139007679938
3.1873393058776855 -420.5974261513806 -999.1562435984374
3.2139699459075928 -414.564034089725 -998.4572670350246
3.239309072494507 -408.78345889949696 -997.7752221039588
3.2614336013793945 -403.75813373003916 -997.1715401137719
3.2931292057037354 -396.4732744740197 -996.2808359311002
3.3188540935516357 -390.4459934124954 -995.5309886058134
3.345120906829834 -384.42192872100185 -994.7557256836055
3.3692915439605713 -378.9029159997305 -994.0217830173433
3.3968489170074463 -372.38044642004616 -993.1543962299424
3.4210920333862305 -366.86457846390863 -992.3971816332987
3.4468822479248047 -360.85080567000193 -991.5457564814991
3.4710652828216553 -355.5903373296088 -990.789663790951
3.49715256690979 -349.8288720044164 -989.9615622727315
3.5213429927825928 -344.3162469433352 -989.1810892169151
3.5472946166992188 -338.3024741494285 -988.3296640651155
3.571159601211548 -332.78984908834735 -987.5491910092991
3.597350835800171 -327.0249421910951 -986.7453979489375
3.621507167816162 -321.25669628222715 -985.9659276462957
3.6472606658935547 -315.4852139815903 -985.2107939685222
3.671370506286621 -309.9631546810545 -984.5001362898317
3.701218605041504 -303.18425761998856 -983.64225986786
3.7268402576446533 -297.4066106238352 -982.9358393091894
3.7516767978668213 -291.62603543360717 -982.2537943781235
3.776512861251831 -286.09542604375616 -981.6130658616618
3.8017821311950684 -280.06203398210056 -980.914089298249
3.8271613121032715 -274.53142459224955 -980.2733607817872
3.8535869121551514 -268.49513800921096 -979.5998384783123
3.8774254322052 -263.21215613002107 -979.0216466579535
3.9033639430999756 -257.42603311947977 -978.3883889499415
3.9250993728637695 -252.14305124028988 -977.8101971295827
3.949946165084839 -246.35692822974858 -977.1769394215706
3.9770569801330566 -240.56818569166703 -976.5680924410597
4.000015735626221 -234.52643228070167 -975.9455141512534
4.0264976024627686 -228.73517319957142 -975.3610887299218
4.049987316131592 -223.44750186462642 -974.8274829104452
4.07696795463562 -217.65624278349617 -974.2430574891135
4.106654405593872 -210.8549749546807 -973.5856738563518
4.129547357559204 -205.05899191817682 -973.050122310344
4.154773712158203 -199.2608015533894 -972.5390222109911
4.180992126464844 -193.46050701289136 -972.0523826510076
4.206860303878784 -187.40696829876762 -971.55735028595
4.231382369995117 -182.10922020962715 -971.1353686501088
4.257360458374023 -176.0536473627358 -970.6658737067477
4.279488563537598 -170.7541665361148 -970.2662410188267
4.304913282394409 -164.6966672879859 -969.8222918497012
4.330867290496826 -158.63916803985697 -969.3783426805757
4.3566529750823975 -152.58166879172805 -968.9343935114501
4.381121397018433 -147.02729406512697 -968.5508643060296
4.407604694366455 -140.71287353847103 -968.1549776664552
4.429919481277466 -134.90360665394758 -967.7907619580468
4.455873489379883 -129.34619423521005 -967.4541012045022
4.482660293579102 -122.77834319488389 -967.0562294048585
4.513346433639526 -115.70714302056513 -966.5979226269508
4.537677049636841 -110.1497306018276 -966.2612618734062
4.563483715057373 -104.08709887229575 -965.893995596812
4.587531805038452 -98.53115587818816 -965.5338974141702
4.613564968109131 -91.963304837862 -965.1360256145265
4.637848615646362 -86.40589241912447 -964.7993648609819
4.663472414016724 -80.34486369827982 -964.406530479918
4.685639142990112 -74.5371847018134 -964.0178152990013
4.7132487297058105 -68.4778668182486 -963.5994198021789
4.737426280975342 -63.17520338669231 -963.2445059413419
4.76077938079834 -57.114174665847656 -962.8516715602781
4.7853546142578125 -51.55823167174006 -962.4915733776362
4.812701463699341 -44.99211722415835 -962.0660027981504
4.83708119392395 -39.43470480542083 -961.7293420446058
4.862711668014526 -33.37057792431275 -961.3876504063237
4.887371301651001 -27.559826501361734 -961.0479406499949
4.918036460876465 -20.23322688111915 -960.6196109572323
4.9434192180633545 -14.16910000001107 -960.2779193189502
4.968585014343262 -8.10497311890299 -959.9362276806681
4.993488073348999 -2.292840533564539 -959.6210299200175
5.018752813339233 4.024694885281603 -959.2784236584406
5.040809392929077 9.07813395287167 -958.9936806265388
5.068750381469727 15.901072205225503 -958.6236658640357
5.090761423110962 20.955667329370428 -958.3602400964417
5.118892192840576 27.7801055629393 -958.0190068681261
5.141583681106567 33.84689907138848 -957.7284822879466
5.167355298995972 39.4069537079479 -957.438713943593
5.191054344177246 44.71368345977866 -957.1509246838684
5.219250202178955 51.28465712116706 -956.8084711859962
5.2441160678863525 57.098067468281286 -956.5177910285421
5.269606590270996 63.41826821344036 -956.2284895253697
5.293279409408569 69.48378236241427 -955.9123786042568
5.324390888214111 76.55859705704037 -955.5137383595943
5.349106311798096 82.3720074041546 -955.2230582021402
5.37464714050293 88.43880091260378 -954.9325336219607
5.4013471603393555 94.50559442105296 -954.6420090417812
5.439487934112549 104.36311631398578 -954.1491166008809
5.483431816101074 114.21847156738576 -953.614650832821
5.523991107940674 124.3253497025659 -953.0451647690174
5.567289113998413 134.1807049559659 -952.5106990009575
5.597049951553345 141.00514318953478 -952.169465772642
5.632982492446899 149.34780817314476 -951.7875877884543
5.663862228393555 156.68059129542914 -951.4829240351422
5.689156532287598 162.74961970853562 -951.2435871872568
5.71867036819458 169.83015285715985 -950.9643608647239
5.741684436798096 175.39342890250745 -950.7449687541623
5.767863512039185 181.46245731561393 -950.5056319062769
5.793660402297974 187.7848736315398 -950.2696557486644
5.830528259277344 196.63478429636575 -949.9019581153567
5.856608867645264 202.45043987610853 -949.6603282420402
5.8789966106414795 208.01459180142635 -949.4644032387931
5.906712770462036 214.59040771316558 -949.2328555076829
5.9318482875823975 220.91376310562464 -949.0235485572346
5.957172155380249 226.73201052122897 -948.8555252591901
5.983325242996216 232.8035814717941 -948.6930008053282
6.007471323013306 238.62248583254302 -948.5495195928663
6.033124923706055 244.9479834247264 -948.4202407077793
6.055112838745117 250.76789110266446 -948.3258508876194
6.081560850143433 257.3471275697774 -948.2330243468222
6.10992431640625 263.92636403689033 -948.140197806025
6.132104158401489 269.7466180690235 -948.0703564192253
6.159914493560791 276.3261875422171 -948.0052810453594
6.182070255279541 281.6403325280778 -947.9415128226293
6.209892272949219 288.2199020012714 -947.8764374487635
6.23603630065918 294.5465290026107 -947.8272073281896
6.259001016616821 300.6196703568688 -947.7415212905306
6.285408020019531 306.94603343527444 -947.6656067396614
6.311041831970215 313.01948217976087 -947.6055371637852
6.335880756378174 319.3458452581665 -947.529622612916
6.3614561557769775 324.9131732739457 -947.4745588350295
6.386620283126831 331.2395363523513 -947.3986442841602
6.413196325302124 337.56589943075693 -947.322729733291
6.437588214874268 343.89252643209625 -947.2734996127172
6.461145639419556 349.45985444787544 -947.2184358348306
6.487558603286743 356.29232657255346 -947.1364481198918
6.515135049819946 362.6186896509591 -947.0605335690226
6.5408806800842285 369.197926118072 -946.9677070282254
6.565680027008057 374.5120711039327 -946.9039388054953
6.593080043792725 380.83843418233835 -946.828024254626
6.617224931716919 386.91157553659644 -946.742338216967
6.63996958732605 393.23793861500207 -946.6664236660978
6.665877819061279 399.05819264713523 -946.5965822792981
6.691627025604248 405.38455572554085 -946.5206677284289
6.715704917907715 410.6989224066659 -946.4793144271468
6.742573499679565 417.78484517269044 -946.4391203741488
6.768589973449707 423.8584932578544 -946.404668328722
6.791210889816284 429.9321413430183 -946.3702162832951
6.817163705825806 436.00578942818225 -946.3357642378683
6.85341739654541 444.1039868750675 -946.2898281772991
6.875444412231445 449.4184807063381 -946.2708905331601
6.906934022903442 457.01065492226843 -946.259848155586
6.93120551109314 462.8313267309738 -946.2636577769202
6.954925775527954 468.9050493365772 -946.2804421753879
6.979201078414917 474.4726283917136 -946.2958278739832
7.007044315338135 481.05249454778397 -946.3140109723231
7.029266357421875 486.36695903662326 -946.3399052544082
7.057147741317749 492.9466899693328 -946.3858411881663
7.081592321395874 498.7671225372396 -946.438751870664
7.107494354248047 504.84048744751306 -946.5067715186216
7.131836175918579 511.16674573400695 -946.5909671919917
7.157676696777344 517.4925926208125 -946.7018454294403
7.182569265365601 523.3123717566737 -946.8038534078929
7.207756042480469 529.384946781302 -946.923103464954
7.230437994003296 534.4449618036368 -947.0438220542754
7.258084535598755 541.7823364224852 -947.2033902958577
7.282093286514282 547.0956076982029 -947.318939712176
7.31136417388916 553.9269564812686 -947.4675032474422
7.334717512130737 559.746253592769 -947.5940573700764
7.362664461135864 566.3242731218043 -947.7509915361942
7.387240886688232 572.3962911486061 -947.8958538433799
7.416502237319946 578.9735902372236 -948.0805318218657
7.440961837768555 585.2975277252455 -948.2714440174908
7.466962099075317 591.6214652132674 -948.4623562131159
7.4908127784729 597.4386951267642 -948.662533513003
7.516702890396118 603.5083940647462 -948.884215285166
7.5410475730896 609.5780930027282 -949.1058970573289
7.566985607147217 615.6477919407102 -949.3275788294918
7.5908074378967285 621.4641257874282 -949.5522906480413
7.6166746616363525 627.7862277947303 -949.7965426247256
7.638571500778198 633.096793480864 -950.0017142851403
7.662067890167236 638.913127327582 -950.2264261036898
7.6869988441467285 644.7294611742999 -950.4511379222394
7.71164870262146 650.7981710967372 -950.6984189024228
7.733795166015625 656.6135054013221 -950.9476612419041
7.758064031600952 661.6698495193618 -951.1750577327019
7.780083417892456 666.7261936374016 -951.4024542234997
7.810701370239258 674.0571809348592 -951.747640500105
7.833097696304321 679.6180549487274 -952.021234097984
7.8532891273498535 684.1678609600741 -952.2450834053395
7.886474370956421 692.0028075202489 -952.6471259670967
7.907089948654175 696.8048715410011 -952.8935391501092
7.932023525238037 703.3768135573908 -953.2168770385116
7.956861257553101 708.6843580013802 -953.4892284513148
7.978839635848999 714.2440285686712 -953.7862746398347
8.007168769836426 720.814548330015 -954.1373292262672
8.028996229171753 726.1208968202249 -954.4320647304496
8.04957389831543 731.1739588306991 -954.7234224527834
8.076998233795166 737.4910403666632 -955.0742980530007
8.097923755645752 742.5441023771375 -955.3656557753345
8.126396894454956 749.1114269777277 -955.7721245285592
8.147207736968994 753.9112414798811 -956.0590375137712
8.167640686035156 760.2283230158453 -956.4099131139884
8.197254657745361 765.786691227367 -956.7304066085557
8.21864128112793 771.09036462556 -957.0698941669104
8.244550704956055 777.1508739348454 -957.4706620771957
8.26545786857605 781.9494355808297 -957.7778174871357
8.29323148727417 788.5149873325555 -958.2119827232781
8.313945531845093 793.5639581776043 -958.5672550271653
8.335673570632935 799.3711233715842 -958.9635721069135
8.360531330108643 804.6733176791311 -959.3254268319009
8.381540775299072 809.4691175304812 -959.673050337948
8.409449577331543 816.030773205202 -960.1625848753093
8.435734272003174 822.5924288799227 -960.6521194126707
8.461383581161499 828.3960442549983 -961.0974096506719
8.483710765838623 833.6932354328534 -961.5263256590379
8.51753830909729 841.5128986001633 -962.1594873856733
8.5398428440094 847.0613770046539 -962.6205303878086
8.562690496444702 852.6098554091444 -963.0815733899439
8.587787628173828 857.9051903567491 -963.5328284283149
8.60806941986084 862.6925931254041 -963.9815076531971
8.634460687637329 869.2397602170521 -964.6369253298785
8.658929586410522 874.2738712853293 -965.1623306556146
8.679434776306152 879.3079823536065 -965.6877359813507
8.700947523117065 883.8366475328197 -966.1797064559444
8.721378087997437 888.3610014838512 -966.7098616964887
8.749330997467041 894.8894870298581 -967.530742767317
8.770106554031372 899.9086909581547 -968.1833658823181
8.791568517684937 904.675616561787 -968.8134123929823
8.8167085647583 910.4428372048401 -969.6004326419053
8.843241214752197 916.4590612475893 -970.4343608602169
8.863866806030273 920.9685510944065 -971.0788331829297
8.896796226501465 928.4797701537343 -972.1846448766325
8.921639442443848 933.7326209070003 -972.9919628318962
8.95537781715393 940.9768949184344 -974.1679825461448
8.976117134094238 945.220592770885 -974.8752790557792
8.997453212738037 949.2132485551798 -975.549391650779
9.024402856826782 954.4517316875947 -976.4452140597327
9.046401262283325 957.9402054343235 -977.0645121869497
9.071054697036743 962.1713667225954 -977.8433022536974
9.093760251998901 965.8988147815907 -978.56193900636
9.116611242294312 968.8770762239291 -979.1557030862293
9.141383409500122 972.5983294834833 -979.9057577462655
9.162013292312622 975.3249042704491 -980.4673031538787
9.183489084243774 977.8003292199259 -980.9934709698116
9.211848735809326 980.7654071800945 -981.6499080891039
9.233474731445312 982.7383638342927 -982.1041921866736
7.390975952148438e-05 985.1996816712276 -982.6928310883799
0.02104353904724121 986.6734404941235 -983.0584595641614
0.0514528751373291 987.4107038107741 -983.2397193625526
0.0745694637298584 987.4107038107741 -983.2397193625526
0.10101056098937988 986.6658270530627 -983.092848914835
0.1258714199066162 985.9164193967074 -982.9711917030162
0.14908862113952637 984.912037005014 -982.8449023075042
0.17567038536071777 983.399359432757 -982.7127818595924
0.19774174690246582 982.3882914302355 -982.6630375690689
0.2187035083770752 980.8700354331236 -982.6396286477137
0.2422161102294922 979.3518539531367 -982.6674538914754
0.2660098075866699 978.0886471220604 -982.7413038385034
0.294177770614624 977.0816882202328 -982.8450668868045
0.3146214485168457 976.5805404874072 -982.9160189827878
0.343747615814209 977.3273952691962 -982.7795629550343
0.3647348880767822 977.8212545892044 -982.6687197230273
0.38561296463012695 978.8009320241312 -982.4138371546594
0.4130845069885254 980.2548796182793 -981.9760179638554
0.43456220626831055 981.6911637225377 -981.4833342699701
0.4642038345336914 984.7528003491008 -980.279123540445
0.49173665046691895 986.6022281883309 -979.4553828845765
0.5121803283691406 988.4228130222244 -978.5697176751172
0.5386829376220703 990.6548888319401 -977.3770656593565
0.5606205463409424 992.403052410622 -976.3558623971113
0.5810565948486328 994.3272927736034 -975.1372525995158
0.6023468971252441 996.2038984293566 -973.8464923483004
0.626532793045044 998.6273909770053 -972.0163882876105
0.6511275768280029 1000.1901699237992 -970.7292775837052
0.6716485023498535 1002.081176066886 -969.0474104611823
0.6991055011749268 1004.2543354237949 -966.9260959133272
0.7316927909851074 1006.9925150530396 -963.943127539276
0.7531349658966064 1008.7643229465286 -961.795980571251
0.7737722396850586 1010.2955709877893 -959.7810709734896
0.8062334060668945 1012.8964358206548 -956.0412387079389
0.8277947902679443 1014.5236736926006 -953.4771221135603
0.8529226779937744 1016.5767495973917 -949.9870494306831
0.882317304611206 1018.7357846708519 -945.9758886504527
0.9044630527496338 1020.3088270162092 -942.8012206313201
0.9248590469360352 1021.9986988054161 -939.1215383979415
0.9525539875030518 1023.6696312742778 -935.1570429067172
0.9735102653503418 1024.9556767847985 -931.8556695263101
0.9942286014556885 1026.1577706448895 -928.5228104528535
1.015488624572754 1027.450963530641 -924.6857047515675
1.0436949729919434 1029.1174485082402 -919.3733605350891
1.0657753944396973 1030.2312846884918 -915.4804057490477
1.0929043292999268 1031.5742799871948 -910.3383665674934
1.1204259395599365 1032.9474605758014 -904.4218842446157
1.1947431564331055 1036.021606388661 -888.2619589546682
1.2710638046264648 1038.1343023626334 -871.6933116044529
1.344634771347046 1039.299370762029 -855.5386137222167
1.4398159980773926 1040.1123334449085 -834.2960539718499
1.4811131954193115 1040.2237111554923 -825.6923016353792
1.5125608444213867 1040.1938968021598 -818.1001779296249
1.5497028827667236 1040.0283627372285 -809.2441789008146
1.5715131759643555 1039.8804159012711 -804.184886782564
1.5921554565429688 1039.6897958713446 -799.1270227068644
1.6194846630096436 1039.360474048387 -792.301999303474
1.6401569843292236 1039.0882225778182 -787.5013308653355
1.6658782958984375 1038.6741126723123 -780.9344836581114
1.6867411136627197 1038.3342632054876 -775.8844512479222
1.721571683883667 1037.7208046061476 -767.5556122909934
1.7508783340454102 1037.1152218583366 -759.9876204308832
1.7818536758422852 1036.4777237178437 -752.4222501570626
1.8026485443115234 1036.031455589991 -747.3805074264064
1.8358345031738281 1035.2834083003052 -739.3168024923955
1.85664963722229 1034.781343266871 -734.0260431877983
1.8784823417663574 1034.2925606001902 -728.9882444116646
1.9046988487243652 1033.6183625207896 -722.1886227847183
1.9262495040893555 1033.108335439158 -717.1529304410515
1.952791452407837 1032.4176942893143 -710.6093852200717
1.974707841873169 1031.8864318663577 -705.575888896241
1.9954376220703125 1031.355169443401 -700.5423925724104
2.0225677490234375 1030.67782372722 -694.251936658916
2.0437076091766357 1030.0865712519087 -688.9704005350769
2.0682015419006348 1029.4390090170439 -683.1858609708722
2.089933395385742 1028.8477565417327 -677.9043248470332
2.114861488342285 1028.2001943068678 -672.1197852828285
2.138469696044922 1027.6089418315566 -666.8382491589895
2.158745527267456 1027.0176893562455 -661.5567130351504
2.1837785243988037 1026.3701271213806 -655.7721734709457
2.212219476699829 1025.5813105109091 -648.984893774709
2.2341909408569336 1024.9677864805424 -643.7058984554137
2.2596275806427 1024.237400730106 -637.4213802181574
2.28829026222229 1023.523508456313 -631.3897348516535
2.309098243713379 1022.9099844259464 -626.1107395323583
2.3363096714019775 1022.2215391774432 -620.0761367164587
2.357192277908325 1021.6302867021319 -614.7946005926196
2.379500389099121 1021.0390342268206 -609.5130644687806
2.4056520462036133 1020.3505889783174 -603.478461652881
2.4271280765533447 1019.7768846045648 -598.4496259729648
2.4584691524505615 1019.0034009665468 -591.4059309149941
2.480776071548462 1018.4567227609284 -586.1195951087403
2.501589775085449 1017.9822870754242 -581.3346761860744
2.5307323932647705 1017.2979913420708 -574.2817578994872
2.5518343448638916 1016.8092086753898 -569.2439591233534
2.57212233543396 1016.3204260087088 -564.2061603472197
2.5935497283935547 1015.8183609752747 -558.9154010426225
2.642756700515747 1014.744646308945 -547.069543680226
2.677018165588379 1013.9450715574228 -538.2481605380159
2.725010871887207 1012.7762476672884 -525.6486215786238
2.7723758220672607 1011.8411885551809 -515.5689904111101
2.7985637187957764 1011.3056668017578 -509.5188991343226
2.822953939437866 1010.8291514015606 -503.71776408234814
2.8449487686157227 1010.3940721231196 -498.4210755566323
2.8761634826660156 1009.762402224473 -491.1092001843229
2.8984951972961426 1009.2949035881115 -485.56126198352115
2.92499041557312 1008.7700652066754 -479.002335704759
2.94665265083313 1008.3573305235642 -473.70385918802936
2.9750750064849854 1007.8601614862445 -467.142777554244
2.9969522953033447 1007.4160674711832 -461.59291685682985
3.017104148864746 1006.9251725305452 -456.046999853108
3.0451300144195557 1006.4241929557564 -450.24792628196604
3.0658247470855713 1006.0204711238825 -445.20259837522593
3.0971670150756836 1005.3782112366603 -437.3836772182168
3.118656635284424 1004.9431319582193 -432.08698869250094
3.1460580825805664 1004.3550255008586 -425.2793805872474
3.170513868331909 1003.9087573730059 -420.2376378565911
3.1922428607940674 1003.4736780945649 -414.94094933087524
3.2227818965911865 1002.868095346754 -407.3729574707651
3.2448508739471436 1002.4553606636428 -402.07448095403544
3.2757022380828857 1001.8853937202987 -394.75753719283733
3.298499584197998 1001.4816718884248 -389.7122092860972
3.3229119777679443 1000.9972056901761 -383.6578157980091
3.345576763153076 1000.5844710070648 -378.35933928127946
3.3731136322021484 1000.0145040637208 -371.04239552008136
3.395554780960083 999.6320663427056 -365.99540964793874
3.4158968925476074 999.2496286216904 -360.94842377579613
3.442969560623169 998.7189697434045 -354.13609682571513
3.465435028076172 998.3285869983699 -348.8359265803968
3.4860315322875977 997.9158523152587 -343.53745006366717
3.515658378601074 997.3506417506352 -336.47399099423103
3.536257266998291 996.9974383146516 -331.67859886751444
3.5641930103302 996.4918327856818 -324.61062319855256
3.5854549407958984 996.1306859792749 -319.5620691492941
3.6062872409820557 995.7100044861581 -314.0103846899372
3.6327342987060547 995.2766283184698 -307.95211983082703
3.6545827388763428 994.8943730210798 -301.8904147164663
3.6864593029022217 994.4499550378891 -295.07191854970637
3.7088875770568848 994.099554348615 -289.51535552820906
3.7346417903900146 993.7131462116882 -282.94682007435165
3.756479501724243 993.3946001305299 -277.8953991457177
3.781707286834717 992.9831019979459 -271.5819767690881
3.803119421005249 992.6327013086718 -266.0254137475908
3.824014663696289 992.319962727908 -261.22721274135233
3.8429667949676514 992.0072241471441 -256.4290117351139
3.872678756713867 991.5607803999036 -249.10349357585778
3.8922924995422363 991.2682827724011 -244.30401616117277
3.9110331535339355 990.9757851448986 -239.50453874648775
3.9287800788879395 990.7140767413438 -235.21026948071696
3.9462335109710693 990.4592398764171 -231.1691327378098
3.9649627208709717 990.1917265508524 -226.62168511590852
3.98667573928833 989.8621589812166 -220.8103496381619
4.0124077796936035 989.5039333620472 -214.49368064061125
4.03083348274231 989.2784592571747 -210.19735648577063
4.063555479049683 988.8369829569132 -202.11107114040306
4.0847132205963135 988.5360734368109 -196.8050691824605
4.1026222705841064 988.2638219662421 -192.004400744322
4.132493495941162 987.8476901264748 -184.93059333247555
4.1506218910217285 987.575438655906 -180.12992489433705
4.179725170135498 987.1598969376696 -172.80258885717828
4.198330402374268 986.8981885341148 -168.50831959140748
4.225757598876953 986.4522240204931 -161.43633029132
4.246784210205078 986.128937169043 -156.13164472772075
4.265698194503784 985.8364395415405 -151.33216731303574
4.299528360366821 985.3267658116871 -143.24989382722146
4.321690082550049 985.003478960237 -137.94520826362222
4.339487791061401 984.7109813327345 -133.1457308489372
4.368555784225464 984.2953268094416 -126.32542083859533
4.388242721557617 984.0028291819391 -121.52594342391032
4.415552139282227 983.5871746586462 -114.70563341356845
4.436172723770142 983.2946770311437 -109.90615599888343
4.45432710647583 983.0079855581012 -105.3598771631129
4.483116626739502 982.5301664363636 -97.78274577016201
4.5029542446136475 982.262653110799 -93.23529814826072
4.521968841552734 981.9951397852343 -88.68785052635944
4.547141075134277 981.5810298797285 -82.12100331913534
4.5694355964660645 981.2577430282784 -76.81631775553612
4.595895528793335 980.8728777289331 -70.50121589410847
4.618355989456177 980.522477039659 -64.94465287261114
4.646130323410034 980.1083671341531 -58.37780566538704
4.6688408851623535 979.7542910587555 -52.567911952873594
4.686105489730835 979.4925826552006 -48.27364268710279
4.713569641113281 979.0769281319077 -41.45333267676093
4.734348773956299 978.7796911035025 -36.40061309687061
4.752164363861084 978.5360976824674 -32.105278178536146
4.783017873764038 978.1222136509721 -24.524385667254037
4.80182147026062 977.873883232075 -19.97585016048477
4.82559061050415 977.5688300313652 -14.163176303935703
4.845644474029541 977.3168295612137 -9.361402248525604
4.876742362976074 976.9056708993876 -1.5269287896985997
4.898497581481934 976.627144063957 3.7802951662809843
4.916866302490234 976.3751435938054 8.582069221691084
4.944660663604736 976.0441591242422 15.153630568720653
4.962969779968262 975.8368083468246 19.45086752641093
4.991954803466797 975.4803635334488 26.527933592442775
5.012704133987427 975.2257600953233 31.58298078246552
5.032931804656982 974.9940151087976 36.385775029295836
5.060882806777954 974.6359091775297 43.20934868698387
5.088955402374268 974.2778032462618 50.03292234467191
5.110053300857544 973.9992764108312 55.3401463006515
5.131439685821533 973.7472759406796 60.1419203560616
5.164577007293701 973.3399104396788 68.22999586009799
5.186483860015869 973.0853070015532 73.28504305012073
5.205843925476074 972.7537274355644 79.60316680723929
5.238540410995483 972.4226202103682 85.66788081626498
5.258331537246704 972.044041928391 91.4762294027642
5.293089151382446 971.534267728154 99.05127801804798
5.313009738922119 971.2859373092568 103.59981352481725
5.341031789779663 970.9549528396936 110.17137487184682
5.3622729778289795 970.6790301520301 115.22530321270156
5.388375282287598 970.3223457179439 121.28856670856995
5.411947250366211 969.992778148308 127.09990218631657
5.432630777359009 969.7168554606445 132.1538305271713
5.454506874084473 969.4446039900757 136.9544989653098
5.479036092758179 969.058195853149 143.5230344191672
5.498708009719849 968.8146024321138 147.81836933750165
5.515948295593262 968.5768128093897 151.8605450014139
5.534609794616699 968.309299483825 156.40799262331518
5.563150644302368 967.9224158151221 163.2299951406699
5.585142612457275 967.6215062950198 168.53599709861246
5.602898359298706 967.2945455637741 174.09398863649182
5.638447284698486 966.8485810501525 181.1659779365793
5.659118413925171 966.4747466366452 186.7210135877874
5.690941572189331 965.9974088028479 194.04458354467772
5.7119903564453125 965.7049111753454 198.84406095936274
5.73589015007019 965.3263328933682 204.65240954586196
5.759093523025513 965.0077868122098 209.70383047449587
5.778433799743652 964.7152891847073 214.5033078891809
5.802919864654541 964.3612131093097 220.31320160169432
5.821526288986206 964.0995047057548 224.6074708674651
5.840040683746338 963.8128132327123 229.15374970323563
5.8630053997039795 963.4305579353223 235.21545481759634
5.888933897018433 963.1035972040767 240.7734463554757
5.908211708068848 962.8552667851795 245.32198186224497
5.931180000305176 962.5767399497489 250.62920581822456
5.95192551612854 962.3221365116234 255.6842530082473
5.975165367126465 962.0170833109137 261.49692686479636
5.999448537826538 961.712030110204 267.3096007213454
6.018650531768799 961.5046793327863 271.6068376790357
6.044338941574097 961.1991552070357 277.672894307063
6.068315029144287 960.9206283716051 282.9801182630426
6.094598293304443 960.6157007577556 289.299584377293
6.115649461746216 960.3610973196301 294.3546315673157
6.15180230140686 959.8920287506021 302.9463097467688
6.188450336456299 959.4191709332985 311.2843128235357
6.230182409286499 958.8603389673942 321.13831645971476
6.276553153991699 958.2441909024228 332.00298713550194
6.313998222351074 957.7140169860521 341.35165725187693
6.341811180114746 957.4089637853424 347.164331108426
6.374183893203735 957.0015982843415 355.2524066124624
6.405908107757568 956.6478822522761 362.58298730499286
6.426568984985352 956.4363968722301 367.3867162992423
6.44441819190979 956.2653034938414 371.68554949806577
6.482489824295044 955.9130524206881 380.5360884368199
6.503780126571655 955.7017017767961 385.84641180007236
6.525152683258057 955.5110817468695 390.904275875772
6.550958633422852 955.3041359296594 396.7212689346136
6.580697774887085 955.0671370153789 403.8033412671016
6.601658344268799 954.9147805704843 408.35610205227243
6.627734184265137 954.689839464821 414.67892059449156
6.646940231323242 954.518884224517 419.4842626865781
6.675599575042725 954.2988138041137 426.06047270960266
6.696302890777588 954.1481283760213 430.8664931234094
6.714388132095337 953.9957719311267 435.41925390858023
6.74466347694397 953.7886463607865 442.502262874131
6.762971878051758 953.7044358697019 446.55055098094743
6.787147760391235 953.5781201330751 452.622983141172
6.806835412979126 953.4728570192194 457.6833432746925
6.829890966415405 953.3675939053637 462.743703408213
6.8545615673065186 953.2668920006448 468.8166143356213
6.8791632652282715 953.182659974206 474.63667789056586
6.906856060028076 953.0837788996909 481.46892641158774
6.926284313201904 953.0337213788401 485.51778084799395
6.950843334197998 952.9842520568277 491.591325183226
6.9704978466033936 952.9663634448283 496.14659940667855
6.994755744934082 952.9425119621624 502.22029837128196
7.0158915519714355 952.9226357266074 507.2817141751181
7.0349647998809814 952.9239608123647 511.8370233300974
7.064585447311401 952.9725285323535 519.1759721306829
7.08622407913208 953.0166974976078 524.2372342367756
7.106658935546875 953.0822137979511 529.2982650229349
7.133865118026733 953.1774507411212 535.6243667248918
7.15464186668396 953.2729994579743 541.1911470957725
7.181162118911743 953.4028479708517 547.2635047408354
7.200901031494141 953.5110550649161 552.3238027783877
7.232842922210693 953.6953170623156 560.1668935810352
7.254025936126709 953.8201397057152 565.4799550925061
7.285892724990845 953.9925138323147 572.8170400369182
7.305934906005859 954.1220636255216 577.8768366588332
7.335049390792847 954.3333098881568 584.9597239249475
7.354707479476929 954.5070607340783 589.7649657460953
7.384476184844971 954.7780482950382 596.8458189962175
7.4057440757751465 954.9700887036882 602.1568757459072
7.43384051322937 955.2991450277109 610.7550546924842
7.4605207443237305 955.513425068053 615.5586598365898
7.481588125228882 955.7496461933232 620.6145993718333
7.5111072063446045 956.1076269242601 627.9449730401614
7.532114505767822 956.3651712263762 632.9998712524412
7.55220890045166 956.6227155284923 638.054769464721
7.577685832977295 956.9575231212433 644.6261371406847
7.596458673477173 957.1893129931478 649.1755455317366
7.620729446411133 957.5239484696992 655.2400658840548
7.644226312637329 957.8279448455132 660.545891882
7.662591457366943 958.0789214529268 665.0942821462387
7.6927876472473145 958.4972157986161 672.6749325866366
7.7143714427948 958.7760786957423 677.7286995469018
7.732191324234009 959.0270553031559 682.2770898111405
7.75076150894165 959.302099643178 687.0775990473766
7.790839195251465 959.8956163769102 697.4365926624123
7.815025568008423 960.2219893144379 702.7410892476339
7.8400092124938965 960.667612933019 709.305873238553
7.862145662307739 961.01635662593 714.6089460415261
7.885063886642456 961.4619802445111 721.1737300324452
7.90891695022583 961.8260641193222 726.222073120644
7.9410459995269775 962.445006706501 734.804256370582
7.963513135910034 962.8454989687932 740.3574337676007
7.983886480331421 963.2095828436043 745.4057768557996
8.019612312316895 963.8653598316906 754.2390139106304
8.040467739105225 964.2415753409152 759.0326555541812
8.064197778701782 964.755756439278 766.607406312934
8.099498987197876 965.2373548723457 773.9306973265636
8.11986780166626 965.6227287458335 778.9774598513607
8.149117946624756 966.1920485684848 786.0405888992755
8.179566144943237 966.833947954858 793.6055870114308
8.201749563217163 967.2944444042195 798.9001263055624
8.222339391708374 967.7436456234067 803.941608554737
8.25006365776062 968.3276072083501 810.495535478664
8.271106958389282 968.8104312215096 815.7880853640496
8.293883562088013 969.3749850486556 821.835536643895
8.318995475769043 969.8924927235395 827.37903365042
8.338683128356934 970.3495268548953 832.165646034867
8.371692895889282 971.087097039377 839.7219163769142
8.389857053756714 971.5441311707328 844.5085287613613
8.422307014465332 972.2968696069275 852.5717971344885
8.463931322097778 973.329467865202 863.1505756133547
8.51700472831726 974.6118594707111 875.7390625377435
8.551663875579834 975.5734027349281 884.798798050671
8.594459056854248 976.5731502010821 893.854397313949
8.631136417388916 977.6110840831885 902.905699224146
8.670108079910278 978.6974659636613 912.2061557578966
8.710874319076538 979.8333512315326 921.7556017063743
8.736126899719238 980.576184990845 927.7837511746502
8.778837203979492 981.8142412563658 937.83066695511
8.821427583694458 982.9531378226021 946.6146885247759
8.858493089675903 984.096781150955 954.8874129708743
8.91388750076294 985.4739473455936 964.4050579809075
8.952580451965332 986.3690829881076 970.4124800725664
8.994712829589844 987.2633281084222 976.1640503349091
9.034427404403687 988.0421063718646 980.9089468282539
