0.019191265106201172, 0, 100
0.039336204528808594, 0, 100
0.05114603042602539, 3, 100
0.06027722358703613, 6, 100
0.06850004196166992, 8, 100
0.07726502418518066, 12, 100
0.08547210693359375, 16, 100
0.0930337905883789, 21, 100
0.10113143920898438, 26, 100
0.11028242111206055, 33, 100
0.11847186088562012, 38, 100
0.12711691856384277, 46, 88
0.1352522373199463, 52, 76
0.1429274082183838, 60, 60
0.1521439552307129, 68, 44
0.1614992618560791, 75, 30
0.1697523593902588, 81, 18
0.17824721336364746, 87, 6
0.18699240684509277, 92, -4
0.19520783424377441, 98, -16
0.20285940170288086, 102, -24
0.21192359924316406, 106, -32
0.21987366676330566, 108, -36
0.22845697402954102, 109, -38
0.2370619773864746, 110, -40
0.246124267578125, 110, -40
0.25459909439086914, 110, -40
0.263322114944458, 108, -36
0.27724409103393555, 106, -32
0.2855384349822998, 102, -24
0.29389333724975586, 98, -16
0.3018612861633301, 94, -8
0.3113086223602295, 90, 0
0.3192579746246338, 86, 8
0.3276979923248291, 83, 14
0.33581089973449707, 81, 18
0.34441447257995605, 79, 22
0.3530118465423584, 77, 26
0.36243653297424316, 76, 28
0.37084197998046875, 77, 26
0.3791074752807617, 78, 24
0.3875713348388672, 80, 20
0.39572906494140625, 82, 16
0.4034454822540283, 84, 12
0.41454195976257324, 88, 4
0.42220520973205566, 92, -4
0.43047523498535156, 96, -12
0.4389808177947998, 99, -18
0.44826412200927734, 102, -24
0.4573087692260742, 104, -28
0.4668447971343994, 106, -32
0.4750065803527832, 106, -32
0.48227834701538086, 106, -32
0.4904940128326416, 106, -32
0.49895477294921875, 105, -30
0.5074734687805176, 103, -26
0.5170135498046875, 101, -22
0.5252020359039307, 98, -16
0.53305983543396, 95, -10
0.5412533283233643, 92, -4
0.5503227710723877, 89, 2
0.5590403079986572, 86, 8
0.5682203769683838, 83, 14
0.5769369602203369, 82, 16
0.5851078033447266, 80, 20
0.5928604602813721, 79, 22
0.6012144088745117, 78, 24
0.6092698574066162, 79, 22
0.6183724403381348, 79, 22
0.6271233558654785, 80, 20
0.6353201866149902, 82, 16
0.6429829597473145, 84, 12
0.6522154808044434, 86, 8
0.6612143516540527, 89, 2
0.6702616214752197, 92, -4
0.6832425594329834, 95, -10
0.6916368007659912, 96, -12
0.7000088691711426, 98, -16
0.7085564136505127, 98, -16
0.7181117534637451, 99, -18
0.7270104885101318, 99, -18
0.7352027893066406, 98, -16
0.7425687313079834, 97, -14
0.7518124580383301, 96, -12
0.7602615356445312, 94, -8
0.7696821689605713, 93, -6
0.7781131267547607, 91, -2
0.7865729331970215, 90, 0
0.7945935726165771, 88, 4
0.8044819831848145, 87, 6
0.8119010925292969, 86, 8
0.8212218284606934, 85, 10
0.8294053077697754, 85, 10
0.8378775119781494, 86, 8
0.8462316989898682, 86, 8
0.8564715385437012, 88, 4
0.8656556606292725, 89, 2
0.8753359317779541, 91, -2
0.8830556869506836, 92, -4
0.8913843631744385, 94, -8
0.8993537425994873, 94, -8
0.9078328609466553, 95, -10
0.9162249565124512, 96, -12
0.9254395961761475, 96, -12
0.9331064224243164, 96, -12
0.9413180351257324, 95, -10
0.9494884014129639, 94, -8
0.9579691886901855, 93, -6
0.9682290554046631, 92, -4
0.9813671112060547, 91, -2
0.9896752834320068, 89, 2
0.998105525970459, 88, 4
1.006962537765503, 88, 4
1.0151002407073975, 87, 6
1.0318326950073242, 86, 8
1.0484979152679443, 86, 8
1.0672178268432617, 88, 4
1.0896470546722412, 89, 2
1.1074819564819336, 92, -4
1.1262331008911133, 93, -6
1.1417620182037354, 94, -8
1.158353567123413, 94, -8
1.169295072555542, 93, -6
1.1776373386383057, 92, -4
1.185770034790039, 91, -2
1.1934611797332764, 90, 0
1.2128369808197021, 89, 2
1.2270262241363525, 88, 4
1.2355897426605225, 88, 4
1.243189811706543, 88, 4
1.2515044212341309, 88, 4
1.259535789489746, 88, 4
1.2696118354797363, 89, 2
1.2779977321624756, 90, 0
1.2862436771392822, 90, 0
1.2939047813415527, 92, -4
1.3016703128814697, 92, -4
1.3098747730255127, 93, -6
1.319260835647583, 93, -6
1.3276491165161133, 93, -6
1.3358056545257568, 93, -6
1.3434393405914307, 92, -4
1.3515729904174805, 92, -4
1.3595762252807617, 91, -2
1.369781494140625, 90, 0
1.3784337043762207, 90, 0
1.3870043754577637, 89, 2
1.3951332569122314, 88, 4
1.4024300575256348, 88, 4
1.4115512371063232, 88, 4
1.42048978805542, 88, 4
1.4292540550231934, 89, 2
1.437596082687378, 89, 2
1.4456977844238281, 90, 0
1.4532902240753174, 90, 0
1.4613418579101562, 91, -2
1.47147798538208, 92, -4
1.4834656715393066, 92, -4
1.4919424057006836, 92, -4
1.5002646446228027, 91, -2
1.5089037418365479, 91, -2
1.517913579940796, 90, 0
1.5260612964630127, 90, 0
1.5334012508392334, 89, 2
1.5415079593658447, 88, 4
1.549736738204956, 88, 4
1.558171033859253, 88, 4
1.568331241607666, 88, 4
1.5772700309753418, 89, 2
1.5853922367095947, 89, 2
1.5929644107818604, 90, 0
1.6023001670837402, 90, 0
1.610520362854004, 91, -2
1.6197364330291748, 91, -2
1.6281239986419678, 91, -2
1.6370201110839844, 92, -4
1.6450812816619873, 91, -2
1.6523711681365967, 91, -2
1.6603326797485352, 91, -2
1.6714468002319336, 90, 0
1.6803538799285889, 90, 0
1.6885762214660645, 90, 0
1.697070598602295, 90, 0
1.7051434516906738, 89, 2
1.7124626636505127, 89, 2
1.7216084003448486, 89, 2
1.7297744750976562, 89, 2
1.7381844520568848, 89, 2
1.7465746402740479, 89, 2
1.7545719146728516, 90, 0
1.7618393898010254, 90, 0
1.7698471546173096, 90, 0
1.779667615890503, 90, 0
1.7882962226867676, 90, 0
1.7968764305114746, 91, -2
1.8049113750457764, 91, -2
1.8121440410614014, 91, -2
1.8201515674591064, 91, -2
1.82926607131958, 91, -2
1.8376059532165527, 91, -2
1.8457047939300537, 91, -2
1.8534393310546875, 91, -2
1.8614485263824463, 91, -2
1.8693938255310059, 91, -2
1.8833956718444824, 91, -2
1.8919134140014648, 90, 0
1.9002466201782227, 90, 0
1.9085519313812256, 90, 0
1.9171040058135986, 89, 2
1.9261953830718994, 89, 2
1.9339540004730225, 89, 2
1.9416658878326416, 89, 2
1.9496686458587646, 88, 4
1.9580490589141846, 89, 2
1.9665911197662354, 89, 2
1.975684642791748, 89, 2
1.985166311264038, 89, 2
1.9924569129943848, 90, 0
2.00032901763916, 90, 0
2.00834584236145, 90, 0
2.0168492794036865, 90, 0
2.025428533554077, 90, 0
2.033133029937744, 90, 0
2.0412235260009766, 91, -2
2.0492031574249268, 91, -2
2.057542085647583, 91, -2
2.065647602081299, 91, -2
2.0731987953186035, 91, -2
2.083235263824463, 91, -2
2.0917739868164062, 91, -2
2.0997040271759033, 90, 0
2.1080102920532227, 90, 0
2.116209030151367, 90, 0
2.123833656311035, 90, 0
2.1323602199554443, 90, 0
2.140350103378296, 90, 0
2.1485133171081543, 90, 0
2.157149076461792, 90, 0
2.1651463508605957, 90, 0
2.1723201274871826, 90, 0
2.1820855140686035, 90, 0
2.190178632736206, 90, 0
2.1982760429382324, 90, 0
2.206951379776001, 90, 0
2.2149088382720947, 90, 0
2.2219297885894775, 90, 0
2.2311129570007324, 90, 0
2.239027738571167, 90, 0
2.2473039627075195, 90, 0
2.2553179264068604, 90, 0
2.262517213821411, 90, 0
2.2705039978027344, 90, 0
2.284494638442993, 90, 0
2.2923471927642822, 90, 0
2.3004817962646484, 90, 0
2.3088395595550537, 90, 0
2.3170583248138428, 90, 0
2.325023651123047, 90, 0
2.3332958221435547, 90, 0
2.3413617610931396, 90, 0
2.3491785526275635, 90, 0
2.357412576675415, 90, 0
2.365408420562744, 90, 0
2.3729021549224854, 90, 0
2.3825480937957764, 90, 0
2.391211986541748, 90, 0
2.4005274772644043, 90, 0
2.4085299968719482, 90, 0
2.417847156524658, 90, 0
2.4257869720458984, 90, 0
2.4350967407226562, 90, 0
2.4422502517700195, 90, 0
2.450360059738159, 90, 0
2.458345413208008, 90, 0
2.4665963649749756, 90, 0
2.474520683288574, 90, 0
2.4850809574127197, 90, 0
2.4933133125305176, 90, 0
2.501509428024292, 90, 0
2.509549617767334, 90, 0
2.5178263187408447, 90, 0
2.5257718563079834, 90, 0
2.5332424640655518, 90, 0
2.5419325828552246, 90, 0
2.5500330924987793, 90, 0
2.5581955909729004, 90, 0
2.5668585300445557, 90, 0
2.5745723247528076, 90, 0
2.5817949771881104, 90, 0
2.5917937755584717, 90, 0
2.5998432636260986, 90, 0
2.608088731765747, 90, 0
2.6162335872650146, 90, 0
2.623877763748169, 90, 0
2.6316306591033936, 90, 0
2.6404974460601807, 90, 0
2.648529052734375, 90, 0
2.6570067405700684, 90, 0
2.6649086475372314, 90, 0
2.6719112396240234, 90, 0
2.6850619316101074, 90, 0
2.6953091621398926, 90, 0
2.7031898498535156, 90, 0
2.711294651031494, 90, 0
2.719087600708008, 90, 0
2.7273612022399902, 90, 0
2.735346555709839, 90, 0
2.7439496517181396, 90, 0
2.751680374145508, 90, 0
2.759730815887451, 90, 0
2.767987012863159, 90, 0
2.7761685848236084, 90, 0
2.7833778858184814, 90, 0
2.793304681777954, 90, 0
2.801527976989746, 90, 0
2.809589385986328, 90, 0
2.8178179264068604, 90, 0
2.8257856369018555, 90, 0
2.833253860473633, 90, 0
2.8419392108917236, 90, 0
2.8497822284698486, 90, 0
2.8580408096313477, 90, 0
2.8664658069610596, 90, 0
2.8739514350891113, 90, 0
2.881554126739502, 90, 0
2.891263484954834, 90, 0
2.8992605209350586, 90, 0
2.907531261444092, 90, 0
2.9154794216156006, 90, 0
2.9229371547698975, 90, 0
2.9309582710266113, 90, 0
2.939152479171753, 90, 0
2.9481589794158936, 90, 0
2.9564695358276367, 90, 0
2.9643707275390625, 90, 0
2.9715514183044434, 90, 0
2.9794273376464844, 90, 0
2.987903118133545, 90, 0
2.9976837635040283, 90, 0
3.006070852279663, 90, 0
3.0133190155029297, 90, 0
3.021303415298462, 90, 0
3.0291476249694824, 90, 0
3.037395477294922, 90, 0
3.0466043949127197, 90, 0
3.0545644760131836, 90, 0
3.0619442462921143, 90, 0
3.0700347423553467, 90, 0
3.0782477855682373, 90, 0
3.0895817279815674, 90, 0
3.099691390991211, 90, 0
3.1084635257720947, 90, 0
3.1169135570526123, 90, 0
3.1248254776000977, 90, 0
3.131838083267212, 90, 0
3.13967227935791, 90, 0
3.1485891342163086, 90, 0
3.1570522785186768, 90, 0
3.1650331020355225, 90, 0
3.1722378730773926, 90, 0
3.180177927017212, 90, 0
3.188258647918701, 90, 0
3.199795961380005, 90, 0
3.2082695960998535, 90, 0
3.2165682315826416, 90, 0
3.224541664123535, 90, 0
3.231890916824341, 90, 0
3.239713430404663, 90, 0
3.249004602432251, 90, 0
3.257275342941284, 90, 0
3.2651875019073486, 90, 0
3.2723729610443115, 90, 0
3.280233144760132, 90, 0
3.288393974304199, 90, 0
3.299250364303589, 90, 0
3.308258295059204, 90, 0
3.316965341567993, 90, 0
3.3249118328094482, 90, 0
3.3321385383605957, 90, 0
3.340012788772583, 90, 0
3.349315643310547, 90, 0
3.357584238052368, 90, 0
3.3655638694763184, 90, 0
3.373015880584717, 90, 0
3.380584478378296, 90, 0
3.3885457515716553, 90, 0
3.3969922065734863, 90, 0
3.4071834087371826, 90, 0
3.4162545204162598, 90, 0
3.423851728439331, 90, 0
3.431448221206665, 90, 0
3.439274787902832, 90, 0
3.447533369064331, 90, 0
3.456951141357422, 90, 0
3.464916944503784, 90, 0
3.472163677215576, 90, 0
3.480071783065796, 90, 0
3.4920811653137207, 90, 0
3.5000832080841064, 90, 0
3.5104565620422363, 90, 0
3.5184645652770996, 90, 0
3.5270657539367676, 90, 0
3.5350263118743896, 90, 0
3.5421063899993896, 90, 0
3.549809694290161, 90, 0
3.5590035915374756, 90, 0
3.5672900676727295, 90, 0
3.5752105712890625, 90, 0
3.5823614597320557, 90, 0
3.5904128551483154, 90, 0
3.5984394550323486, 90, 0
3.6082632541656494, 90, 0
3.616989850997925, 90, 0
3.6249356269836426, 90, 0
3.631913900375366, 90, 0
3.6397345066070557, 90, 0
3.6481680870056152, 90, 0
3.6572983264923096, 90, 0
3.665194511413574, 90, 0
3.6723601818084717, 90, 0
3.6802303791046143, 90, 0
3.688264846801758, 90, 0
3.6965231895446777, 90, 0
3.7065858840942383, 90, 0
3.7150027751922607, 90, 0
3.722212553024292, 90, 0
3.730081081390381, 90, 0
3.7382419109344482, 90, 0
3.7465147972106934, 90, 0
3.7544169425964355, 90, 0
3.7628705501556396, 90, 0
3.7708868980407715, 90, 0
3.7789127826690674, 90, 0
3.7872023582458496, 90, 0
3.7951860427856445, 90, 0
3.8023712635040283, 90, 0
3.8119089603424072, 90, 0
3.8201520442962646, 90, 0
3.828397035598755, 90, 0
3.8368237018585205, 90, 0
3.844560146331787, 90, 0
3.8520634174346924, 90, 0
3.861132860183716, 90, 0
3.8690059185028076, 90, 0
3.8772971630096436, 90, 0
3.889193058013916, 90, 0
3.897632122039795, 90, 0
3.9056408405303955, 90, 0
3.9157705307006836, 90, 0
3.923198938369751, 90, 0
3.931143045425415, 90, 0
3.9390101432800293, 90, 0
3.9474616050720215, 90, 0
3.9554338455200195, 90, 0
3.964552402496338, 90, 0
3.971745014190674, 90, 0
3.9797420501708984, 90, 0
3.9931142330169678, 90, 0
4.002516984939575, 90, 0
4.013207912445068, 90, 0
4.022238731384277, 90, 0
4.030405759811401, 90, 0
4.038436651229858, 90, 0
4.046902656555176, 90, 0
4.0548388957977295, 90, 0
4.06303071975708, 90, 0
4.071264028549194, 90, 0
4.079067945480347, 90, 0
4.087327003479004, 90, 0
4.095529317855835, 90, 0
4.102970361709595, 90, 0
4.111870050430298, 90, 0
4.120896100997925, 90, 0
4.129306793212891, 90, 0
4.137516260147095, 90, 0
4.1454832553863525, 90, 0
4.152962923049927, 90, 0
4.160582780838013, 90, 0
4.169539213180542, 90, 0
4.177791118621826, 90, 0
4.1857688426971436, 90, 0
4.193390846252441, 90, 0
4.201355457305908, 90, 0
4.209183216094971, 90, 0
4.2192676067352295, 90, 0
4.227648973464966, 90, 0
4.235631227493286, 90, 0
4.243254899978638, 90, 0
4.251427173614502, 90, 0
4.259250640869141, 90, 0
4.268254041671753, 90, 0
4.27659273147583, 90, 0
4.288240432739258, 90, 0
4.296858072280884, 90, 0
4.304819822311401, 90, 0
4.31214451789856, 90, 0
4.322213172912598, 90, 0
4.33040714263916, 90, 0
4.338432312011719, 90, 0
4.346940517425537, 90, 0
4.354925155639648, 90, 0
4.361905574798584, 90, 0
4.371059417724609, 90, 0
4.378968238830566, 90, 0
4.387277841567993, 90, 0
4.395216226577759, 90, 0
4.402405738830566, 90, 0
4.411360740661621, 90, 0
4.4213128089904785, 90, 0
4.429530143737793, 90, 0
4.43778133392334, 90, 0
4.4457855224609375, 90, 0
4.453247308731079, 90, 0
4.461148023605347, 90, 0
4.469820022583008, 90, 0
4.47809910774231, 90, 0
4.486526727676392, 90, 0
4.49447226524353, 90, 0
4.50185751914978, 90, 0
4.509686231613159, 90, 0
4.5189902782440186, 90, 0
4.528215169906616, 90, 0
4.53650426864624, 90, 0
4.5443971157073975, 90, 0
4.5517706871032715, 90, 0
4.5596277713775635, 90, 0
4.568941593170166, 90, 0
4.577240943908691, 90, 0
4.58521294593811, 90, 0
4.592417240142822, 90, 0
4.600234270095825, 90, 0
4.608421087265015, 90, 0
4.616933822631836, 90, 0
4.627096652984619, 90, 0
4.635294675827026, 90, 0
4.642461538314819, 90, 0
4.650300741195679, 90, 0
4.65828537940979, 90, 0
4.666952133178711, 90, 0
4.675711393356323, 90, 0
4.683168411254883, 90, 0
4.69551157951355, 90, 0
4.703142404556274, 90, 0
4.711280345916748, 90, 0
4.7192230224609375, 90, 0
4.729482650756836, 90, 0
4.737743854522705, 90, 0
4.745756149291992, 90, 0
4.753231525421143, 90, 0
4.761411190032959, 90, 0
4.769202947616577, 90, 0
4.778130531311035, 90, 0
4.786598443984985, 90, 0
4.794549226760864, 90, 0
4.803334712982178, 90, 0
4.811352014541626, 90, 0
4.819225311279297, 90, 0
4.829101085662842, 90, 0
4.83819580078125, 90, 0
4.847068786621094, 90, 0
4.854990005493164, 90, 0
4.862078666687012, 90, 0
4.869798898696899, 90, 0
4.879006624221802, 90, 0
4.887442111968994, 90, 0
4.895421504974365, 90, 0
4.902928590774536, 90, 0
4.9109132289886475, 90, 0
4.918905735015869, 90, 0
4.92780065536499, 90, 0
4.937077045440674, 90, 0
4.945290565490723, 90, 0
4.952444791793823, 90, 0
4.960261583328247, 90, 0
4.9684059619903564, 90, 0
4.977699041366577, 90, 0
4.985811233520508, 90, 0
5.002126693725586, 90, 0
5.009870767593384, 90, 0
5.018296003341675, 90, 0
5.027673244476318, 90, 0
5.036950588226318, 90, 0
5.045173406600952, 90, 0
5.052352666854858, 90, 0
5.0604588985443115, 90, 0
5.068440914154053, 90, 0
5.076954126358032, 90, 0
5.089555263519287, 90, 0
5.0979790687561035, 90, 0
5.106386661529541, 90, 0
5.113884925842285, 90, 0
5.121612787246704, 90, 0
5.130576848983765, 90, 0
5.139520883560181, 90, 0
5.148184776306152, 90, 0
5.156499624252319, 90, 0
5.164391756057739, 90, 0
5.171585559844971, 90, 0
5.180522918701172, 90, 0
5.1885292530059814, 90, 0
5.196989297866821, 90, 0
5.204932928085327, 90, 0
5.212195634841919, 90, 0
5.22000789642334, 90, 0
5.2281928062438965, 90, 0
5.238224983215332, 90, 0
5.247730016708374, 90, 0
5.255705118179321, 90, 0
5.264338254928589, 90, 0
5.2717204093933105, 90, 0
5.280882120132446, 90, 0
5.28896164894104, 90, 0
5.297272205352783, 90, 0
5.305254697799683, 90, 0
5.312445402145386, 90, 0
5.320278882980347, 90, 0
5.328444242477417, 90, 0
5.338379859924316, 90, 0
5.347058534622192, 90, 0
5.355020761489868, 90, 0
5.362115144729614, 90, 0
5.369818687438965, 90, 0
5.378097057342529, 90, 0
5.387567043304443, 90, 0
5.395536184310913, 90, 0
5.402939319610596, 90, 0
5.411841154098511, 90, 0
5.419671535491943, 90, 0
5.427943229675293, 90, 0
5.437889575958252, 90, 0
5.446534872055054, 90, 0
5.454466342926025, 90, 0
5.461637020111084, 90, 0
5.469731330871582, 90, 0
5.4779510498046875, 90, 0
5.490869522094727, 90, 0
5.499011278152466, 90, 0
5.507519483566284, 90, 0
5.515510320663452, 90, 0
5.5231263637542725, 90, 0
5.531045913696289, 90, 0
5.541270971298218, 90, 0
5.54932713508606, 90, 0
5.557515621185303, 90, 0
5.56547999382019, 90, 0
5.573081016540527, 90, 0
5.58092737197876, 90, 0
5.589735984802246, 90, 0
5.597964763641357, 90, 0
5.607755422592163, 90, 0
5.615760326385498, 90, 0
5.6232099533081055, 90, 0
5.6312925815582275, 90, 0
5.6421825885772705, 90, 0
5.651139259338379, 90, 0
5.659215688705444, 90, 0
5.667652130126953, 90, 0
5.675643444061279, 90, 0
5.683105707168579, 90, 0
5.691913604736328, 90, 0
5.699748754501343, 90, 0
5.707992315292358, 90, 0
5.716186761856079, 90, 0
5.723462820053101, 90, 0
5.731449842453003, 90, 0
5.740337610244751, 90, 0
5.749481439590454, 90, 0
5.757972240447998, 90, 0
5.766127586364746, 90, 0
5.773384094238281, 90, 0
5.781365871429443, 90, 0
5.790167808532715, 90, 0
5.798393487930298, 90, 0
5.807039737701416, 90, 0
5.814966917037964, 90, 0
5.822065353393555, 90, 0
5.829779148101807, 90, 0
5.838053464889526, 90, 0
5.84789776802063, 90, 0
5.8563642501831055, 90, 0
5.863891839981079, 90, 0
5.871654510498047, 90, 0
5.879522800445557, 90, 0
5.8921849727630615, 90, 0
5.900297164916992, 90, 0
5.90845513343811, 90, 0
5.917039155960083, 90, 0
5.925043821334839, 90, 0
5.932267665863037, 90, 0
5.94131326675415, 90, 0
5.950084209442139, 90, 0
5.95844578742981, 90, 0
5.9668614864349365, 90, 0
5.974570989608765, 90, 0
5.9865806102752686, 90, 0
6.000070571899414, 90, 0
6.032275676727295, 90, 0
6.052166700363159, 90, 0
6.079052686691284, 90, 0
6.109331846237183, 90, 0
6.132420778274536, 90, 0
6.175457000732422, 90, 0
6.19225001335144, 90, 0
6.200186014175415, 90, 0
6.208257675170898, 90, 0
6.216589689254761, 90, 0
6.242396831512451, 90, 0
6.25934624671936, 90, 0
6.273864030838013, 90, 0
6.295675039291382, 90, 0
6.303263187408447, 90, 0
6.311422824859619, 90, 0
6.319992303848267, 90, 0
6.328152894973755, 90, 0
6.336427450180054, 90, 0
6.343934535980225, 90, 0
6.356577396392822, 90, 0
6.364983320236206, 90, 0
6.3724822998046875, 90, 0
6.380424737930298, 90, 0
6.388434410095215, 90, 0
6.3977296352386475, 90, 0
6.407483100891113, 90, 0
6.416532039642334, 90, 0
6.42447566986084, 90, 0
6.43162989616394, 90, 0
6.439495086669922, 90, 0
6.448852777481079, 90, 0
6.458510875701904, 90, 0
6.468020915985107, 90, 0
6.476524829864502, 90, 0
6.484469890594482, 90, 0
6.491633653640747, 90, 0
6.500472784042358, 90, 0
6.50849175453186, 90, 0
6.516897678375244, 90, 0
6.524593353271484, 90, 0
6.531922101974487, 90, 0
6.5397865772247314, 90, 0
6.54911732673645, 90, 0
6.557380676269531, 90, 0
6.5663745403289795, 90, 0
6.5745604038238525, 90, 0
6.58192253112793, 90, 0
6.5899879932403564, 90, 0
6.599218130111694, 90, 0
6.607499837875366, 90, 0
6.615483522415161, 90, 0
6.622967720031738, 90, 0
6.6305460929870605, 90, 0
6.638528823852539, 90, 0
6.647160530090332, 90, 0
6.6561806201934814, 90, 0
6.665171146392822, 90, 0
6.6725404262542725, 90, 0
6.680379152297974, 90, 0
6.688427686691284, 90, 0
6.701485633850098, 90, 0
6.709658861160278, 90, 0
6.718026638031006, 90, 0
6.726174354553223, 90, 0
6.733409643173218, 90, 0
6.741360187530518, 90, 0
6.749185800552368, 90, 0
6.758194923400879, 90, 0
6.767497539520264, 90, 0
6.775643825531006, 90, 0
6.783062219619751, 90, 0
6.790905714035034, 90, 0
6.798921585083008, 90, 0
6.8079540729522705, 90, 0
6.816106557846069, 90, 0
6.823380708694458, 90, 0
6.831468343734741, 90, 0
6.8394951820373535, 90, 0
6.847764730453491, 90, 0
6.85707950592041, 90, 0
6.865708589553833, 90, 0
6.873373746871948, 90, 0
6.8813629150390625, 90, 0
6.889343976974487, 90, 0
6.897590398788452, 90, 0
6.906850099563599, 90, 0
6.914602994918823, 90, 0
6.921802997589111, 90, 0
6.929656982421875, 90, 0
6.93796706199646, 90, 0
6.946274042129517, 90, 0
6.955226421356201, 90, 0
6.962360143661499, 90, 0
6.971467018127441, 90, 0
6.979562997817993, 90, 0
6.987959861755371, 90, 0
6.996106863021851, 90, 0
7.003356456756592, 90, 0
7.012372016906738, 90, 0
7.020142555236816, 90, 0
7.028353929519653, 90, 0
7.036815881729126, 90, 0
7.044558525085449, 90, 0
7.051776647567749, 90, 0
7.060559511184692, 90, 0
7.069665908813477, 90, 0
7.078139066696167, 90, 0
7.086436033248901, 90, 0
7.098334074020386, 90, 0
7.107707738876343, 90, 0
7.115700960159302, 90, 0
7.123281955718994, 90, 0
7.131448030471802, 90, 0
7.139271259307861, 90, 0
7.1474902629852295, 90, 0
7.1554856300354, 90, 0
7.163949251174927, 90, 0
7.172268629074097, 90, 0
7.180440425872803, 90, 0
7.188572883605957, 90, 0
7.197028160095215, 90, 0
7.206494331359863, 90, 0
7.215463876724243, 90, 0
7.222963809967041, 90, 0
7.2309653759002686, 90, 0
7.23896050453186, 90, 0
7.247406244277954, 90, 0
7.255410432815552, 90, 0
7.264444351196289, 90, 0
7.273364782333374, 90, 0
7.282402515411377, 90, 0
7.290541648864746, 90, 0
7.2985146045684814, 90, 0
7.307153224945068, 90, 0
7.315793514251709, 90, 0
7.323268413543701, 90, 0
7.331219434738159, 90, 0
7.33906102180481, 90, 0
7.34731125831604, 90, 0
7.35529088973999, 90, 0
7.364579916000366, 90, 0
7.371942520141602, 90, 0
7.380853891372681, 90, 0
7.389075994491577, 90, 0
7.397353649139404, 90, 0
7.405293941497803, 90, 0
7.415182113647461, 90, 0
7.422353029251099, 90, 0
7.4304211139678955, 90, 0
7.438432455062866, 90, 0
7.446913242340088, 90, 0
7.4548728466033936, 90, 0
7.462996482849121, 90, 0
7.470953941345215, 90, 0
7.47977352142334, 90, 0
7.488441467285156, 90, 0
7.50033164024353, 90, 0
7.508514404296875, 90, 0
7.51794958114624, 90, 0
7.526068449020386, 90, 0
7.53333592414856, 90, 0
7.541277885437012, 90, 0
7.549209356307983, 90, 0
7.5574259757995605, 90, 0
7.566481351852417, 90, 0
7.574338912963867, 90, 0
7.582401990890503, 90, 0
7.590541124343872, 90, 0
7.598543882369995, 90, 0
7.607145071029663, 90, 0
7.616187572479248, 90, 0
7.62344765663147, 90, 0
7.631385803222656, 90, 0
7.63920521736145, 90, 0
7.647458791732788, 90, 0
7.655460834503174, 90, 0
7.662904739379883, 90, 0
7.671646356582642, 90, 0
7.680455923080444, 90, 0
7.6889355182647705, 90, 0
7.697222471237183, 90, 0
7.705169677734375, 90, 0
7.712373495101929, 90, 0
7.721326112747192, 90, 0
7.7292540073394775, 90, 0
7.737520694732666, 90, 0
7.7454798221588135, 90, 0
7.753123044967651, 90, 0
7.761058330535889, 90, 0
7.769677400588989, 90, 0
7.7779381275177, 90, 0
7.787400245666504, 90, 0
7.795557498931885, 90, 0
7.802974224090576, 90, 0
7.810579776763916, 90, 0
7.819622278213501, 90, 0
7.827879428863525, 90, 0
7.835821151733398, 90, 0
7.8433027267456055, 90, 0
7.85703444480896, 90, 0
7.864959478378296, 90, 0
7.873139381408691, 90, 0
7.882506847381592, 90, 0
7.890819072723389, 90, 0
7.902459621429443, 90, 0
7.9105589389801025, 90, 0
7.919750213623047, 90, 0
7.928001642227173, 90, 0
7.936180830001831, 90, 0
7.943436622619629, 90, 0
7.951426029205322, 90, 0
7.9592766761779785, 90, 0
7.9676833152771, 90, 0
7.976840972900391, 90, 0
7.985635757446289, 90, 0
7.993452310562134, 90, 0
8.001426935195923, 90, 0
8.010931253433228, 90, 0
8.019177436828613, 90, 0
8.028343439102173, 90, 0
8.036585330963135, 90, 0
8.044493675231934, 90, 0
8.051673173904419, 90, 0
8.059508323669434, 90, 0
8.067744731903076, 90, 0
8.077013492584229, 90, 0
8.087035894393921, 90, 0
8.095832586288452, 90, 0
8.103882074356079, 90, 0
8.111501455307007, 90, 0
8.119374752044678, 90, 0
8.128428936004639, 90, 0
8.137128114700317, 90, 0
8.1450936794281, 90, 0
8.152388095855713, 90, 0
8.160178661346436, 90, 0
8.168272495269775, 90, 0
8.177570581436157, 90, 0
8.185547590255737, 90, 0
8.194817304611206, 90, 0
8.202178478240967, 90, 0
8.210265398025513, 90, 0
8.218258380889893, 90, 0
8.227518081665039, 90, 0
8.235490798950195, 90, 0
8.242916822433472, 90, 0
8.250540971755981, 90, 0
8.258533954620361, 90, 0
8.267168998718262, 90, 0
8.276068687438965, 90, 0
8.283357381820679, 90, 0
8.292164325714111, 90, 0
8.30506157875061, 90, 0
8.312269449234009, 90, 0
8.320434808731079, 90, 0
8.329704523086548, 90, 0
8.337953805923462, 90, 0
8.346068143844604, 90, 0
8.353334188461304, 90, 0
8.361276149749756, 90, 0
8.36908769607544, 90, 0
8.378057956695557, 90, 0
8.386486291885376, 90, 0
8.395362854003906, 90, 0
8.403432369232178, 90, 0
8.412198305130005, 90, 0
8.420171737670898, 90, 0
8.429178237915039, 90, 0
8.437381267547607, 90, 0
8.445326805114746, 90, 0
8.452954769134521, 90, 0
8.460550546646118, 90, 0
8.468536615371704, 90, 0
8.476989030838013, 90, 0
8.485761880874634, 90, 0
8.495062589645386, 90, 0
8.50246810913086, 90, 0
8.510464668273926, 90, 0
8.51846694946289, 90, 0
8.527089357376099, 90, 0
8.535832643508911, 90, 0
8.543308019638062, 90, 0
8.551266193389893, 90, 0
8.559077501296997, 90, 0
8.567537069320679, 90, 0
8.575510740280151, 90, 0
8.584364175796509, 90, 0
8.59160566329956, 90, 0
8.600863456726074, 90, 0
8.608879804611206, 90, 0
8.617125034332275, 90, 0
8.625133991241455, 90, 0
8.633893728256226, 90, 0
8.641475439071655, 90, 0
8.649325847625732, 90, 0
8.657753467559814, 90, 0
8.665735960006714, 90, 0
8.673198461532593, 90, 0
8.681945085525513, 90, 0
8.69002103805542, 90, 0
8.703145027160645, 90, 0
8.711610078811646, 90, 0
8.719663381576538, 90, 0
8.728093147277832, 90, 0
8.737407445907593, 90, 0
8.745386600494385, 90, 0
8.752943277359009, 90, 0
8.760527610778809, 90, 0
8.768526315689087, 90, 0
8.776947498321533, 90, 0
8.785730600357056, 90, 0
8.793365240097046, 90, 0
8.80238652229309, 90, 0
8.812158346176147, 90, 0
8.819998025894165, 90, 0
8.828200340270996, 90, 0
8.837448835372925, 90, 0
8.845402240753174, 90, 0
8.852882146835327, 90, 0
8.860471725463867, 90, 0
8.868587493896484, 90, 0
8.87706446647644, 90, 0
8.885766506195068, 90, 0
8.893235206604004, 90, 0
8.903029203414917, 90, 0
8.911916017532349, 90, 0
8.920321464538574, 90, 0
8.928487300872803, 90, 0
8.937735080718994, 90, 0
8.945698976516724, 90, 0
8.953163146972656, 90, 0
8.961073160171509, 90, 0
8.969027042388916, 90, 0
8.977301597595215, 90, 0
8.985289573669434, 90, 0
8.994473934173584, 90, 0
9.001636028289795, 90, 0
9.010423421859741, 90, 0
9.018891096115112, 90, 0
9.027145147323608, 90, 0
9.035065412521362, 90, 0
9.0433189868927, 90, 0
9.051444053649902, 90, 0
9.05931830406189, 90, 0
9.06754755973816, 90, 0
9.07549500465393, 90, 0
9.08295202255249, 90, 0
9.091756820678711, 90, 0
9.10383129119873, 90, 0
9.112941026687622, 90, 0
9.121384143829346, 90, 0
9.129332065582275, 90, 0
9.137599468231201, 90, 0
9.14657711982727, 90, 0
9.154469728469849, 90, 0
9.161648273468018, 90, 0
9.169702768325806, 90, 0
9.178104877471924, 90, 0
9.186269998550415, 90, 0
9.195329189300537, 90, 0
9.202553987503052, 90, 0
9.211577415466309, 90, 0
9.21968412399292, 90, 0
9.228117942810059, 90, 0
9.23637866973877, 90, 0
9.245288133621216, 90, 0
9.252482652664185, 90, 0
9.260263442993164, 90, 0
9.26828646659851, 90, 0
9.276585340499878, 90, 0
9.284548282623291, 90, 0
9.293015480041504, 90, 0
9.300950765609741, 90, 0
9.310139894485474, 90, 0
9.31846833229065, 90, 0
9.326900005340576, 90, 0
9.334843635559082, 90, 0
9.342949867248535, 90, 0
9.351121425628662, 90, 0
9.35901165008545, 90, 0
9.367289066314697, 90, 0
9.37528371810913, 90, 0
9.38245439529419, 90, 0
9.390269756317139, 90, 0
9.399231433868408, 90, 0
9.4076828956604, 90, 0
9.417676448822021, 90, 0
9.425678730010986, 90, 0
9.433152914047241, 90, 0
9.441297054290771, 90, 0
9.449857711791992, 90, 0
9.458106517791748, 90, 0
9.46651291847229, 90, 0
9.474400043487549, 90, 0
9.4816153049469, 90, 0
9.489482164382935, 90, 0
9.502492189407349, 90, 0
9.511728286743164, 90, 0
9.520017862319946, 90, 0
9.528391122817993, 90, 0
9.536884784698486, 90, 0
9.544581174850464, 90, 0
9.553009510040283, 90, 0
9.560817241668701, 90, 0
9.569021701812744, 90, 0
9.577290058135986, 90, 0
9.585240602493286, 90, 0
9.592848300933838, 90, 0
9.60157322883606, 90, 0
9.611223936080933, 90, 0
9.621878385543823, 90, 0
9.630048513412476, 90, 0
9.638158559799194, 90, 0
9.646541595458984, 90, 0
9.655524253845215, 90, 0
9.662935256958008, 90, 0
9.670527458190918, 90, 0
9.678556442260742, 90, 0
9.686998844146729, 90, 0
9.694962739944458, 90, 0
9.703286170959473, 90, 0
9.711521625518799, 90, 0
9.720258951187134, 90, 0
9.72852611541748, 90, 0
9.737023115158081, 90, 0
9.74497675895691, 90, 0
9.753173828125, 90, 0
9.761152267456055, 90, 0
9.769211769104004, 90, 0
9.77771544456482, 90, 0
9.785736083984375, 90, 0
9.793261528015137, 90, 0
9.802174091339111, 90, 0
9.810031652450562, 90, 0
9.819223880767822, 90, 0
9.827895879745483, 90, 0
9.835838317871094, 90, 0
9.843303442001343, 90, 0
9.852209091186523, 90, 0
9.860068321228027, 90, 0
9.868233442306519, 90, 0
9.876495361328125, 90, 0
9.884430646896362, 90, 0
9.89179515838623, 90, 0
9.905354261398315, 90, 0
9.912943840026855, 90, 0
9.92189884185791, 90, 0
9.930273294448853, 90, 0
9.93826150894165, 90, 0
9.94688630104065, 90, 0
9.955664873123169, 90, 0
9.963288068771362, 90, 0
9.971227884292603, 90, 0
9.979063987731934, 90, 0
9.987432479858398, 90, 0
10.002142906188965, 90, 0
