0.015036821365356445, 0, 72.0
0.02644824981689453, 0, 72.0
0.04110574722290039, 1, 71.2
0.05045437812805176, 3, 69.60000000000001
0.0584108829498291, 6, 67.2
0.06699848175048828, 9, 64.8
0.07661247253417969, 13, 61.6
0.08516860008239746, 17, 58.400000000000006
0.09396052360534668, 22, 54.400000000000006
0.1030111312866211, 28, 49.6
0.11170172691345215, 32, 46.400000000000006
0.12116146087646484, 38, 41.6
0.13082289695739746, 44, 36.800000000000004
0.15357470512390137, 54, 28.8
0.16256356239318848, 62, 22.400000000000002
0.1723771095275879, 67, 18.400000000000002
0.18086481094360352, 71, 15.200000000000001
0.18882513046264648, 74, 12.8
0.1972217559814453, 77, 10.4
0.2059173583984375, 80, 8.0
0.21463418006896973, 82, 6.4
0.22436237335205078, 83, 5.6000000000000005
0.2339179515838623, 84, 4.800000000000001
0.24315857887268066, 86, 3.2
0.25192689895629883, 86, 3.2
0.2605154514312744, 86, 3.2
0.2685229778289795, 86, 3.2
0.27799367904663086, 85, 4.0
0.28678202629089355, 84, 4.800000000000001
0.29509592056274414, 83, 5.6000000000000005
0.3038933277130127, 83, 5.6000000000000005
0.31293344497680664, 82, 6.4
0.32172131538391113, 82, 6.4
0.36063575744628906, 82, 6.4
0.3780539035797119, 84, 4.800000000000001
0.38703083992004395, 85, 4.0
0.3953063488006592, 86, 3.2
0.4044022560119629, 87, 2.4000000000000004
0.4131155014038086, 88, 1.6
0.4217398166656494, 89, 0.8
0.4312102794647217, 90, 0.0
0.4452488422393799, 90, 0.0
0.45395421981811523, 91, -0.8
0.4629988670349121, 91, -0.8
0.4716227054595947, 91, -0.8
0.48111486434936523, 92, -1.6
0.4893653392791748, 91, -0.8
0.49740123748779297, 91, -0.8
0.505967378616333, 91, -0.8
0.5145001411437988, 90, 0.0
0.5229880809783936, 90, 0.0
0.5326650142669678, 90, 0.0
0.5418972969055176, 90, 0.0
0.5505268573760986, 90, 0.0
0.5578141212463379, 90, 0.0
0.5663766860961914, 90, 0.0
0.5746006965637207, 90, 0.0
0.5838127136230469, 90, 0.0
0.5925195217132568, 90, 0.0
0.600682258605957, 90, 0.0
0.608018159866333, 90, 0.0
0.6160552501678467, 90, 0.0
0.6246769428253174, 90, 0.0
0.6338367462158203, 90, 0.0
0.6434788703918457, 90, 0.0
0.6519861221313477, 90, 0.0
0.6603219509124756, 90, 0.0
0.667717456817627, 90, 0.0
0.6759395599365234, 90, 0.0
0.6852536201477051, 90, 0.0
0.6937294006347656, 90, 0.0
0.7024219036102295, 90, 0.0
0.710540771484375, 90, 0.0
0.7178947925567627, 90, 0.0
0.7270667552947998, 90, 0.0
0.7370297908782959, 90, 0.0
0.7456777095794678, 90, 0.0
0.7539308071136475, 90, 0.0
0.7626087665557861, 90, 0.0
0.7707889080047607, 90, 0.0
0.7784435749053955, 90, 0.0
0.7874014377593994, 90, 0.0
0.7973177433013916, 90, 0.0
0.8056657314300537, 90, 0.0
0.8139064311981201, 90, 0.0
0.8225877285003662, 90, 0.0
0.8307373523712158, 90, 0.0
0.8451030254364014, 90, 0.0
0.8547461032867432, 90, 0.0
0.8636791706085205, 90, 0.0
0.8723597526550293, 90, 0.0
0.8804891109466553, 90, 0.0
0.8887939453125, 90, 0.0
0.8970620632171631, 90, 0.0
0.9051246643066406, 90, 0.0
0.913562536239624, 90, 0.0
0.9224271774291992, 90, 0.0
0.9305834770202637, 90, 0.0
0.9393458366394043, 90, 0.0
0.9471290111541748, 90, 0.0
0.9566555023193359, 90, 0.0
0.9647476673126221, 90, 0.0
0.9731662273406982, 90, 0.0
0.9813399314880371, 90, 0.0
0.9910330772399902, 90, 0.0
0.9986708164215088, 90, 0.0
1.0068557262420654, 90, 0.0
1.0148952007293701, 90, 0.0
1.0234084129333496, 90, 0.0
1.0317668914794922, 90, 0.0
1.0410418510437012, 90, 0.0
1.0505626201629639, 90, 0.0
1.058520793914795, 90, 0.0
1.0665781497955322, 90, 0.0
1.074662685394287, 90, 0.0
1.08896803855896, 90, 0.0
1.0973877906799316, 90, 0.0
1.106353521347046, 90, 0.0
1.11454176902771, 90, 0.0
1.123016595840454, 90, 0.0
1.1311604976654053, 90, 0.0
1.1405186653137207, 90, 0.0
1.1477971076965332, 90, 0.0
1.1572613716125488, 90, 0.0
1.1655199527740479, 90, 0.0
1.1738452911376953, 90, 0.0
1.182689905166626, 90, 0.0
1.1919536590576172, 90, 0.0
1.2000460624694824, 90, 0.0
1.207549810409546, 90, 0.0
1.2155311107635498, 90, 0.0
1.2239935398101807, 90, 0.0
1.232684850692749, 90, 0.0
1.245241403579712, 90, 0.0
1.254821538925171, 90, 0.0
1.2636921405792236, 90, 0.0
1.2723863124847412, 90, 0.0
1.2804877758026123, 90, 0.0
1.289933204650879, 90, 0.0
1.3029804229736328, 90, 0.0
1.3125076293945312, 90, 0.0
1.3206844329833984, 90, 0.0
1.3305926322937012, 90, 0.0
1.3384160995483398, 90, 0.0
1.3475656509399414, 90, 0.0
1.3568670749664307, 90, 0.0
1.36509108543396, 90, 0.0
1.37357497215271, 90, 0.0
1.3820295333862305, 90, 0.0
1.3903889656066895, 90, 0.0
1.3988244533538818, 90, 0.0
1.4071319103240967, 90, 0.0
1.4151442050933838, 90, 0.0
1.4236245155334473, 90, 0.0
1.432286024093628, 90, 0.0
1.4404325485229492, 90, 0.0
1.4489543437957764, 90, 0.0
1.458040475845337, 90, 0.0
1.4668738842010498, 90, 0.0
1.4748892784118652, 90, 0.0
1.483367681503296, 90, 0.0
1.4917371273040771, 90, 0.0
1.501002311706543, 90, 0.0
1.5086309909820557, 90, 0.0
1.5168366432189941, 90, 0.0
1.525019884109497, 90, 0.0
1.5334362983703613, 90, 0.0
1.541942834854126, 90, 0.0
1.5510830879211426, 90, 0.0
1.560499668121338, 90, 0.0
1.567988395690918, 90, 0.0
1.5766074657440186, 90, 0.0
1.5848345756530762, 90, 0.0
1.5932698249816895, 90, 0.0
1.6039378643035889, 90, 0.0
1.61253023147583, 90, 0.0
1.620673418045044, 90, 0.0
1.6280293464660645, 90, 0.0
1.636023759841919, 90, 0.0
1.6504237651824951, 90, 0.0
1.6605403423309326, 90, 0.0
1.6694035530090332, 90, 0.0
1.6775898933410645, 90, 0.0
1.6855945587158203, 90, 0.0
1.6939094066619873, 90, 0.0
1.703434705734253, 90, 0.0
1.7118809223175049, 90, 0.0
1.7200300693511963, 90, 0.0
1.7285141944885254, 90, 0.0
1.736663818359375, 90, 0.0
1.7447233200073242, 90, 0.0
1.7538394927978516, 90, 0.0
1.7626659870147705, 90, 0.0
1.7724006175994873, 90, 0.0
1.7805044651031494, 90, 0.0
1.7877824306488037, 90, 0.0
1.7959954738616943, 90, 0.0
1.8051726818084717, 90, 0.0
1.8136451244354248, 90, 0.0
1.8224501609802246, 90, 0.0
1.8306055068969727, 90, 0.0
1.8383309841156006, 90, 0.0
1.8463659286499023, 90, 0.0
1.8553781509399414, 90, 0.0
1.864814281463623, 90, 0.0
1.873528242111206, 90, 0.0
1.8824100494384766, 90, 0.0
1.8905391693115234, 90, 0.0
1.8977975845336914, 90, 0.0
1.9070391654968262, 90, 0.0
1.9150934219360352, 90, 0.0
1.923558235168457, 90, 0.0
1.9320175647735596, 90, 0.0
1.9403362274169922, 90, 0.0
1.947746992111206, 90, 0.0
1.956892728805542, 90, 0.0
1.9660515785217285, 90, 0.0
1.9747509956359863, 90, 0.0
1.98317289352417, 90, 0.0
1.9913480281829834, 90, 0.0
1.9993524551391602, 90, 0.0
2.008532762527466, 90, 0.0
2.016594171524048, 90, 0.0
2.0246312618255615, 90, 0.0
2.0330705642700195, 90, 0.0
2.0449459552764893, 90, 0.0
2.054532051086426, 90, 0.0
2.0632035732269287, 90, 0.0
2.0727336406707764, 90, 0.0
2.0811095237731934, 90, 0.0
2.0887889862060547, 90, 0.0
2.097119092941284, 90, 0.0
2.1063852310180664, 90, 0.0
2.1146185398101807, 90, 0.0
2.123239755630493, 90, 0.0
2.131558418273926, 90, 0.0
2.139355182647705, 90, 0.0
2.147130250930786, 90, 0.0
2.156437397003174, 90, 0.0
2.164581537246704, 90, 0.0
2.1737618446350098, 90, 0.0
2.1828582286834717, 90, 0.0
2.1910390853881836, 90, 0.0
2.198688507080078, 90, 0.0
2.207801580429077, 90, 0.0
2.2163078784942627, 90, 0.0
2.2246880531311035, 90, 0.0
2.23313570022583, 90, 0.0
2.2412638664245605, 90, 0.0
2.249436140060425, 90, 0.0
2.2583906650543213, 90, 0.0
2.2665555477142334, 90, 0.0
2.2758076190948486, 90, 0.0
2.2840375900268555, 90, 0.0
2.2927002906799316, 90, 0.0
2.3008508682250977, 90, 0.0
2.310587167739868, 90, 0.0
2.317906618118286, 90, 0.0
2.3259503841400146, 90, 0.0
2.334294557571411, 90, 0.0
2.342736005783081, 90, 0.0
2.350926399230957, 90, 0.0
2.3603930473327637, 90, 0.0
2.367849588394165, 90, 0.0
2.3772308826446533, 90, 0.0
2.3852345943450928, 90, 0.0
2.3936963081359863, 90, 0.0
2.4035897254943848, 90, 0.0
2.4129931926727295, 90, 0.0
2.4211509227752686, 90, 0.0
2.428968906402588, 90, 0.0
2.4370782375335693, 90, 0.0
2.4489083290100098, 90, 0.0
2.457331418991089, 90, 0.0
2.4667575359344482, 90, 0.0
2.47676420211792, 90, 0.0
2.48596453666687, 90, 0.0
2.494593620300293, 90, 0.0
2.50300931930542, 90, 0.0
2.512333393096924, 90, 0.0
2.52046799659729, 90, 0.0
2.527747631072998, 90, 0.0
2.5359320640563965, 90, 0.0
2.5445330142974854, 90, 0.0
2.552978277206421, 90, 0.0
2.5624160766601562, 90, 0.0
2.5705714225769043, 90, 0.0
2.578456163406372, 90, 0.0
2.5875470638275146, 90, 0.0
2.5955650806427, 90, 0.0
2.6040546894073486, 90, 0.0
2.6135506629943848, 90, 0.0
2.622032642364502, 90, 0.0
2.6303985118865967, 90, 0.0
2.637676239013672, 90, 0.0
2.645812749862671, 90, 0.0
2.65401291847229, 90, 0.0
2.6636412143707275, 90, 0.0
2.6722824573516846, 90, 0.0
2.6804442405700684, 90, 0.0
2.689460515975952, 90, 0.0
2.697258234024048, 90, 0.0
2.705240249633789, 90, 0.0
2.714783191680908, 90, 0.0
2.7233450412750244, 90, 0.0
2.73276686668396, 90, 0.0
2.7409677505493164, 90, 0.0
2.74877667427063, 90, 0.0
2.7569520473480225, 90, 0.0
2.766024589538574, 90, 0.0
2.7744526863098145, 90, 0.0
2.783752202987671, 90, 0.0
2.792698621749878, 90, 0.0
2.8008975982666016, 90, 0.0
2.808530569076538, 90, 0.0
2.817601442337036, 90, 0.0
2.8255863189697266, 90, 0.0
2.8339197635650635, 90, 0.0
2.846312999725342, 90, 0.0
2.8546841144561768, 90, 0.0
2.8632428646087646, 90, 0.0
2.8729844093322754, 90, 0.0
2.881194591522217, 90, 0.0
2.8907835483551025, 90, 0.0
2.898440361022949, 90, 0.0
2.906768798828125, 90, 0.0
2.9147655963897705, 90, 0.0
2.9237914085388184, 90, 0.0
2.9324610233306885, 90, 0.0
2.940627336502075, 90, 0.0
2.9479563236236572, 90, 0.0
2.9559543132781982, 90, 0.0
2.96450138092041, 90, 0.0
2.9737462997436523, 90, 0.0
2.9824109077453613, 90, 0.0
2.991732597351074, 90, 0.0
2.9999542236328125, 90, 0.0
3.0076065063476562, 90, 0.0
3.015742778778076, 90, 0.0
3.0251078605651855, 90, 0.0
3.033536911010742, 90, 0.0
3.04201078414917, 90, 0.0
3.0503242015838623, 90, 0.0
3.057583808898926, 90, 0.0
3.0656540393829346, 90, 0.0
3.07487416267395, 90, 0.0
3.0835213661193848, 90, 0.0
3.0932397842407227, 90, 0.0
3.1015498638153076, 90, 0.0
3.1089799404144287, 90, 0.0
3.117152690887451, 90, 0.0
3.1263599395751953, 90, 0.0
3.1347262859344482, 90, 0.0
3.1433162689208984, 90, 0.0
3.1516542434692383, 90, 0.0
3.1598846912384033, 90, 0.0
3.1672675609588623, 90, 0.0
3.1766135692596436, 90, 0.0
3.184674024581909, 90, 0.0
3.1943199634552, 90, 0.0
3.204026699066162, 90, 0.0
3.2127137184143066, 90, 0.0
3.2208499908447266, 90, 0.0
3.2300314903259277, 90, 0.0
3.2374062538146973, 90, 0.0
3.2503669261932373, 90, 0.0
3.2579216957092285, 90, 0.0
3.2666258811950684, 90, 0.0
3.275895118713379, 90, 0.0
3.2843339443206787, 90, 0.0
3.299372673034668, 90, 0.0
3.307731866836548, 90, 0.0
3.3158750534057617, 90, 0.0
3.330352544784546, 90, 0.0
3.348343849182129, 90, 0.0
3.364922523498535, 90, 0.0
3.38315749168396, 90, 0.0
3.4025022983551025, 90, 0.0
3.417872905731201, 90, 0.0
3.4367501735687256, 90, 0.0
3.4518673419952393, 90, 0.0
3.4632415771484375, 90, 0.0
3.4715685844421387, 90, 0.0
3.479393243789673, 90, 0.0
3.4871511459350586, 90, 0.0
3.496312379837036, 90, 0.0
3.5136544704437256, 90, 0.0
3.5299391746520996, 90, 0.0
3.5379488468170166, 90, 0.0
3.546299934387207, 90, 0.0
3.5544817447662354, 90, 0.0
3.563890218734741, 90, 0.0
3.572511672973633, 90, 0.0
3.580627202987671, 90, 0.0
3.5879523754119873, 90, 0.0
3.597081422805786, 90, 0.0
3.605358123779297, 90, 0.0
3.6146676540374756, 90, 0.0
3.6232681274414062, 90, 0.0
3.631551742553711, 90, 0.0
3.6389780044555664, 90, 0.0
3.652453899383545, 90, 0.0
3.6617414951324463, 90, 0.0
3.6699728965759277, 90, 0.0
3.6776387691497803, 90, 0.0
3.6859331130981445, 90, 0.0
3.695152521133423, 90, 0.0
3.7038300037384033, 90, 0.0
3.7133078575134277, 90, 0.0
3.7216060161590576, 90, 0.0
3.7308733463287354, 90, 0.0
3.738523244857788, 90, 0.0
3.7467966079711914, 90, 0.0
3.7547852993011475, 90, 0.0
3.763986825942993, 90, 0.0
3.772606134414673, 90, 0.0
3.780764579772949, 90, 0.0
3.788600444793701, 90, 0.0
3.797708034515381, 90, 0.0
3.806450843811035, 90, 0.0
3.815279006958008, 90, 0.0
3.8237335681915283, 90, 0.0
3.8323683738708496, 90, 0.0
3.8404548168182373, 90, 0.0
3.8477649688720703, 90, 0.0
3.855922222137451, 90, 0.0
3.8653032779693604, 90, 0.0
3.8737709522247314, 90, 0.0
3.8824286460876465, 90, 0.0
3.8905832767486572, 90, 0.0
3.8989577293395996, 90, 0.0
3.9073474407196045, 90, 0.0
3.9168028831481934, 90, 0.0
3.924974203109741, 90, 0.0
3.9334447383880615, 90, 0.0
3.9418795108795166, 90, 0.0
3.950523853302002, 90, 0.0
3.957796335220337, 90, 0.0
3.9671714305877686, 90, 0.0
3.975212335586548, 90, 0.0
3.9838294982910156, 90, 0.0
3.9925377368927, 90, 0.0
4.00294041633606, 90, 0.0
4.011284828186035, 90, 0.0
4.0207741260528564, 90, 0.0
4.028403282165527, 90, 0.0
4.036428928375244, 90, 0.0
4.048512697219849, 90, 0.0
4.0568718910217285, 90, 0.0
4.066290378570557, 90, 0.0
4.074660062789917, 90, 0.0
4.0830724239349365, 90, 0.0
4.091219425201416, 90, 0.0
4.101341962814331, 90, 0.0
4.111026763916016, 90, 0.0
4.120752573013306, 90, 0.0
4.128385782241821, 90, 0.0
4.136407375335693, 90, 0.0
4.144583463668823, 90, 0.0
4.153020858764648, 90, 0.0
4.161190032958984, 90, 0.0
4.170819282531738, 90, 0.0
4.178568124771118, 90, 0.0
4.186742782592773, 90, 0.0
4.194728136062622, 90, 0.0
4.203096628189087, 90, 0.0
4.2126312255859375, 90, 0.0
4.222035884857178, 90, 0.0
4.230398893356323, 90, 0.0
4.237674951553345, 90, 0.0
4.245858192443848, 90, 0.0
4.254038095474243, 90, 0.0
4.262720584869385, 90, 0.0
4.272000312805176, 90, 0.0
4.280299425125122, 90, 0.0
4.28774881362915, 90, 0.0
4.295919418334961, 90, 0.0
4.30462646484375, 90, 0.0
4.314295768737793, 90, 0.0
4.32344913482666, 90, 0.0
4.331946134567261, 90, 0.0
4.340065240859985, 90, 0.0
4.347696542739868, 90, 0.0
4.355828046798706, 90, 0.0
4.364015817642212, 90, 0.0
4.373343229293823, 90, 0.0
4.38167405128479, 90, 0.0
4.38986611366272, 90, 0.0
4.397272109985352, 90, 0.0
4.405543327331543, 90, 0.0
4.414978742599487, 90, 0.0
4.424379110336304, 90, 0.0
4.4329705238342285, 90, 0.0
4.441100358963013, 90, 0.0
4.453571319580078, 90, 0.0
4.462501764297485, 90, 0.0
4.471768379211426, 90, 0.0
4.479960680007935, 90, 0.0
4.487329006195068, 90, 0.0
4.495355844497681, 90, 0.0
4.503803014755249, 90, 0.0
4.513234376907349, 90, 0.0
4.5230042934417725, 90, 0.0
4.53122615814209, 90, 0.0
4.538825750350952, 90, 0.0
4.5469889640808105, 90, 0.0
4.555002927780151, 90, 0.0
4.563615322113037, 90, 0.0
4.573018312454224, 90, 0.0
4.581206321716309, 90, 0.0
4.588984489440918, 90, 0.0
4.597123861312866, 90, 0.0
4.605165719985962, 90, 0.0
4.614532232284546, 90, 0.0
4.624026298522949, 90, 0.0
4.632763624191284, 90, 0.0
4.640945672988892, 90, 0.0
4.6487720012664795, 90, 0.0
4.656936168670654, 90, 0.0
4.664950370788574, 90, 0.0
4.674468994140625, 90, 0.0
4.682963848114014, 90, 0.0
4.691066026687622, 90, 0.0
4.6988911628723145, 90, 0.0
4.707312107086182, 90, 0.0
4.716757297515869, 90, 0.0
4.7267279624938965, 90, 0.0
4.73474645614624, 90, 0.0
4.743134021759033, 90, 0.0
4.751311779022217, 90, 0.0
4.759355306625366, 90, 0.0
4.7673211097717285, 90, 0.0
4.776733636856079, 90, 0.0
4.784709692001343, 90, 0.0
4.793141841888428, 90, 0.0
4.801299333572388, 90, 0.0
4.813031196594238, 90, 0.0
4.822689533233643, 90, 0.0
4.83230185508728, 90, 0.0
4.8404412269592285, 90, 0.0
4.852542877197266, 90, 0.0
4.860685110092163, 90, 0.0
4.8684611320495605, 90, 0.0
4.87676477432251, 90, 0.0
4.885933876037598, 90, 0.0
4.894354581832886, 90, 0.0
4.90277886390686, 90, 0.0
4.910954713821411, 90, 0.0
4.920365571975708, 90, 0.0
4.928887605667114, 90, 0.0
4.937150239944458, 90, 0.0
4.9453771114349365, 90, 0.0
4.953920841217041, 90, 0.0
4.962538003921509, 90, 0.0
4.970695495605469, 90, 0.0
4.9789183139801025, 90, 0.0
4.987181663513184, 90, 0.0
5.00587797164917, 90, 0.0
5.0143141746521, 90, 0.0
5.023437261581421, 90, 0.0
5.033098936080933, 90, 0.0
5.041260004043579, 90, 0.0
5.04890251159668, 90, 0.0
5.063091039657593, 90, 0.0
5.071228265762329, 90, 0.0
5.0811498165130615, 90, 0.0
5.089437007904053, 90, 0.0
5.0971856117248535, 90, 0.0
5.105229377746582, 90, 0.0
5.113664150238037, 90, 0.0
5.123316764831543, 90, 0.0
5.133018970489502, 90, 0.0
5.141153573989868, 90, 0.0
5.148844003677368, 90, 0.0
5.157011985778809, 90, 0.0
5.165090322494507, 90, 0.0
5.1737518310546875, 90, 0.0
5.183290719985962, 90, 0.0
5.191641569137573, 90, 0.0
5.199448347091675, 90, 0.0
5.207267999649048, 90, 0.0
5.215536832809448, 90, 0.0
5.224754095077515, 90, 0.0
5.234519004821777, 90, 0.0
5.2431440353393555, 90, 0.0
5.2550599575042725, 90, 0.0
5.263689756393433, 90, 0.0
5.272697925567627, 90, 0.0
5.280853748321533, 90, 0.0
5.2902772426605225, 90, 0.0
5.2974419593811035, 90, 0.0
5.305884599685669, 90, 0.0
5.314340114593506, 90, 0.0
5.323499441146851, 90, 0.0
5.332463026046753, 90, 0.0
5.341711044311523, 90, 0.0
5.349933624267578, 90, 0.0
5.357313871383667, 90, 0.0
5.365593194961548, 90, 0.0
5.373942136764526, 90, 0.0
5.382587194442749, 90, 0.0
5.391739130020142, 90, 0.0
5.399903297424316, 90, 0.0
5.407304286956787, 90, 0.0
5.415369749069214, 90, 0.0
5.424865007400513, 90, 0.0
5.433574676513672, 90, 0.0
5.442992687225342, 90, 0.0
5.4511473178863525, 90, 0.0
5.458776950836182, 90, 0.0
5.4669835567474365, 90, 0.0
5.475207567214966, 90, 0.0
5.483799457550049, 90, 0.0
5.4932756423950195, 90, 0.0
5.5016303062438965, 90, 0.0
5.509465456008911, 90, 0.0
5.517294645309448, 90, 0.0
5.526581764221191, 90, 0.0
5.534915208816528, 90, 0.0
5.544507265090942, 90, 0.0
5.552997350692749, 90, 0.0
5.561159372329712, 90, 0.0
5.568786382675171, 90, 0.0
5.576969146728516, 90, 0.0
5.584988355636597, 90, 0.0
5.594384670257568, 90, 0.0
5.604562282562256, 90, 0.0
5.613017559051514, 90, 0.0
5.621176719665527, 90, 0.0
5.63248610496521, 90, 0.0
5.641782999038696, 90, 0.0
5.653587579727173, 90, 0.0
5.662544012069702, 90, 0.0
5.670693397521973, 90, 0.0
5.678474426269531, 90, 0.0
5.686766862869263, 90, 0.0
5.695671796798706, 90, 0.0
5.703925371170044, 90, 0.0
5.712541341781616, 90, 0.0
5.720701217651367, 90, 0.0
5.730999231338501, 90, 0.0
5.7393810749053955, 90, 0.0
5.7483344078063965, 90, 0.0
5.756454706192017, 90, 0.0
5.764627933502197, 90, 0.0
5.773082733154297, 90, 0.0
5.78125524520874, 90, 0.0
5.789427995681763, 90, 0.0
5.805957317352295, 90, 0.0
5.814549684524536, 90, 0.0
5.823197841644287, 90, 0.0
5.832566976547241, 90, 0.0
5.84100866317749, 90, 0.0
5.8506224155426025, 90, 0.0
5.857984781265259, 90, 0.0
5.866389274597168, 90, 0.0
5.874585866928101, 90, 0.0
5.88302206993103, 90, 0.0
5.8911964893341064, 90, 0.0
5.900633335113525, 90, 0.0
5.908387660980225, 90, 0.0
5.916426181793213, 90, 0.0
5.924605131149292, 90, 0.0
5.9337522983551025, 90, 0.0
5.942692995071411, 90, 0.0
5.951775074005127, 90, 0.0
5.960027456283569, 90, 0.0
5.967674255371094, 90, 0.0
5.975847482681274, 90, 0.0
5.9840168952941895, 90, 0.0
5.99289083480835, 90, 0.0
6.002335786819458, 90, 0.0
6.0104217529296875, 90, 0.0
6.017685413360596, 90, 0.0
6.025987863540649, 90, 0.0
6.035147666931152, 90, 0.0
6.043864727020264, 90, 0.0
6.057064056396484, 90, 0.0
6.065248727798462, 90, 0.0
6.073846101760864, 90, 0.0
6.082758665084839, 90, 0.0
6.090985059738159, 90, 0.0
6.100384712219238, 90, 0.0
6.107672452926636, 90, 0.0
6.1158223152160645, 90, 0.0
6.124413728713989, 90, 0.0
6.133605003356934, 90, 0.0
6.142675161361694, 90, 0.0
6.151960372924805, 90, 0.0
6.16005802154541, 90, 0.0
6.167442798614502, 90, 0.0
6.175546169281006, 90, 0.0
6.183851480484009, 90, 0.0
6.192505359649658, 90, 0.0
6.201945066452026, 90, 0.0
6.210061550140381, 90, 0.0
6.2174482345581055, 90, 0.0
6.22554349899292, 90, 0.0
6.234806299209595, 90, 0.0
6.243474721908569, 90, 0.0
6.253068685531616, 90, 0.0
6.261258840560913, 90, 0.0
6.26947283744812, 90, 0.0
6.277265310287476, 90, 0.0
6.285233020782471, 90, 0.0
6.293725252151489, 90, 0.0
6.307186126708984, 90, 0.0
6.316040277481079, 90, 0.0
6.32555365562439, 90, 0.0
6.335382461547852, 90, 0.0
6.344464540481567, 90, 0.0
6.353732109069824, 90, 0.0
6.362367868423462, 90, 0.0
6.37054443359375, 90, 0.0
6.3777995109558105, 90, 0.0
6.386388540267944, 90, 0.0
6.3945653438568115, 90, 0.0
6.404709577560425, 90, 0.0
6.413098096847534, 90, 0.0
6.4213104248046875, 90, 0.0
6.429338455200195, 90, 0.0
6.438869953155518, 90, 0.0
6.448385715484619, 90, 0.0
6.462462663650513, 90, 0.0
6.470606565475464, 90, 0.0
6.47839093208313, 90, 0.0
6.4866111278533936, 90, 0.0
6.494682788848877, 90, 0.0
6.503244638442993, 90, 0.0
6.512916088104248, 90, 0.0
6.521076202392578, 90, 0.0
6.528771877288818, 90, 0.0
6.536953449249268, 90, 0.0
6.545856714248657, 90, 0.0
6.555238246917725, 90, 0.0
6.563863515853882, 90, 0.0
6.572503566741943, 90, 0.0
6.580628156661987, 90, 0.0
6.588523864746094, 90, 0.0
6.596623659133911, 90, 0.0
6.604671001434326, 90, 0.0
6.613911390304565, 90, 0.0
6.622689485549927, 90, 0.0
6.630852699279785, 90, 0.0
6.638468027114868, 90, 0.0
6.647696495056152, 90, 0.0
6.65713357925415, 90, 0.0
6.665194272994995, 90, 0.0
6.67364239692688, 90, 0.0
6.682483434677124, 90, 0.0
6.690625905990601, 90, 0.0
6.697968006134033, 90, 0.0
6.705977201461792, 90, 0.0
6.715192556381226, 90, 0.0
6.723661184310913, 90, 0.0
6.733019113540649, 90, 0.0
6.741223096847534, 90, 0.0
6.75078010559082, 90, 0.0
6.7603089809417725, 90, 0.0
6.767603397369385, 90, 0.0
6.775885105133057, 90, 0.0
6.784037113189697, 90, 0.0
6.79267954826355, 90, 0.0
6.800835371017456, 90, 0.0
6.810020685195923, 90, 0.0
6.81739616394043, 90, 0.0
6.82553505897522, 90, 0.0
6.833893060684204, 90, 0.0
6.842530250549316, 90, 0.0
6.851642370223999, 90, 0.0
6.865006446838379, 90, 0.0
6.8736162185668945, 90, 0.0
6.894962787628174, 90, 0.0
6.927138805389404, 90, 0.0
6.9426538944244385, 90, 0.0
6.951879501342773, 90, 0.0
6.960526943206787, 90, 0.0
6.9689671993255615, 90, 0.0
6.977130889892578, 90, 0.0
6.985321760177612, 90, 0.0
6.99376916885376, 90, 0.0
7.002418279647827, 90, 0.0
7.010542392730713, 90, 0.0
7.018814325332642, 90, 0.0
7.027050733566284, 90, 0.0
7.035244464874268, 90, 0.0
7.043818712234497, 90, 0.0
7.053285360336304, 90, 0.0
7.061924695968628, 90, 0.0
7.071070671081543, 90, 0.0
7.078783988952637, 90, 0.0
7.086939573287964, 90, 0.0
7.094972372055054, 90, 0.0
7.1036083698272705, 90, 0.0
7.112276077270508, 90, 0.0
7.121232032775879, 90, 0.0
7.128878116607666, 90, 0.0
7.137050151824951, 90, 0.0
7.145110845565796, 90, 0.0
7.154469013214111, 90, 0.0
7.16335654258728, 90, 0.0
7.1727564334869385, 90, 0.0
7.180968999862671, 90, 0.0
7.1886045932769775, 90, 0.0
7.196776628494263, 90, 0.0
7.206463813781738, 90, 0.0
7.214607238769531, 90, 0.0
7.223993301391602, 90, 0.0
7.232658624649048, 90, 0.0
7.240820407867432, 90, 0.0
7.250816822052002, 90, 0.0
7.263720989227295, 90, 0.0
7.2735068798065186, 90, 0.0
7.282415151596069, 90, 0.0
7.2905378341674805, 90, 0.0
7.2979347705841064, 90, 0.0
7.306358337402344, 90, 0.0
7.314543962478638, 90, 0.0
7.323750257492065, 90, 0.0
7.332469940185547, 90, 0.0
7.3406288623809814, 90, 0.0
7.348434209823608, 90, 0.0
7.357435703277588, 90, 0.0
7.365875005722046, 90, 0.0
7.374945640563965, 90, 0.0
7.383422136306763, 90, 0.0
7.391874313354492, 90, 0.0
7.400023460388184, 90, 0.0
7.407668828964233, 90, 0.0
7.415863275527954, 90, 0.0
7.425044775009155, 90, 0.0
7.433441638946533, 90, 0.0
7.4418864250183105, 90, 0.0
7.450019121170044, 90, 0.0
7.458507776260376, 90, 0.0
7.467082262039185, 90, 0.0
7.476323843002319, 90, 0.0
7.484503507614136, 90, 0.0
7.49298357963562, 90, 0.0
7.501176595687866, 90, 0.0
7.508806228637695, 90, 0.0
7.516956806182861, 90, 0.0
7.526367425918579, 90, 0.0
7.534592628479004, 90, 0.0
7.545025587081909, 90, 0.0
7.553631544113159, 90, 0.0
7.563782691955566, 90, 0.0
7.573282718658447, 90, 0.0
7.581725597381592, 90, 0.0
7.59002423286438, 90, 0.0
7.59741735458374, 90, 0.0
7.605376243591309, 90, 0.0
7.613764047622681, 90, 0.0
7.62317419052124, 90, 0.0
7.63134765625, 90, 0.0
7.638956308364868, 90, 0.0
7.647309303283691, 90, 0.0
7.6553568840026855, 90, 0.0
7.668780088424683, 90, 0.0
7.678055047988892, 90, 0.0
7.68674373626709, 90, 0.0
7.6947197914123535, 90, 0.0
7.703318357467651, 90, 0.0
7.71164870262146, 90, 0.0
7.719870090484619, 90, 0.0
7.72994589805603, 90, 0.0
7.737406253814697, 90, 0.0
7.7455079555511475, 90, 0.0
7.753801584243774, 90, 0.0
7.763423204421997, 90, 0.0
7.772311449050903, 90, 0.0
7.781265497207642, 90, 0.0
7.788963079452515, 90, 0.0
7.797088623046875, 90, 0.0
7.805119037628174, 90, 0.0
7.813753128051758, 90, 0.0
7.822590351104736, 90, 0.0
7.831765651702881, 90, 0.0
7.840008974075317, 90, 0.0
7.847409725189209, 90, 0.0
7.855518341064453, 90, 0.0
7.864737510681152, 90, 0.0
7.873417854309082, 90, 0.0
7.882964134216309, 90, 0.0
7.891137361526489, 90, 0.0
7.898778438568115, 90, 0.0
7.907011032104492, 90, 0.0
7.915031909942627, 90, 0.0
7.923466444015503, 90, 0.0
7.932962656021118, 90, 0.0
7.941765546798706, 90, 0.0
7.949984073638916, 90, 0.0
7.957388639450073, 90, 0.0
7.966824054718018, 90, 0.0
7.974983215332031, 90, 0.0
7.984374284744263, 90, 0.0
7.992822647094727, 90, 0.0
8.00097370147705, 90, 0.0
8.011048078536987, 90, 0.0
8.018711805343628, 90, 0.0
8.026888847351074, 90, 0.0
8.035697937011719, 90, 0.0
8.043953657150269, 90, 0.0
8.05260443687439, 90, 0.0
8.06681513786316, 90, 0.0
8.076051712036133, 90, 0.0
8.085785150527954, 90, 0.0
8.094382762908936, 90, 0.0
8.102898359298706, 90, 0.0
8.111037731170654, 90, 0.0
8.11866545677185, 90, 0.0
8.127024412155151, 90, 0.0
8.135944604873657, 90, 0.0
8.14434003829956, 90, 0.0
8.152774810791016, 90, 0.0
8.160970449447632, 90, 0.0
8.168564796447754, 90, 0.0
8.177716732025146, 90, 0.0
8.187134027481079, 90, 0.0
8.195152521133423, 90, 0.0
8.203758239746094, 90, 0.0
8.212471008300781, 90, 0.0
8.220672130584717, 90, 0.0
8.228010177612305, 90, 0.0
8.237048864364624, 90, 0.0
8.245270729064941, 90, 0.0
8.253716945648193, 90, 0.0
8.26235556602478, 90, 0.0
8.270483493804932, 90, 0.0
8.279897928237915, 90, 0.0
8.28844165802002, 90, 0.0
8.301051616668701, 90, 0.0
8.30895733833313, 90, 0.0
8.317101240158081, 90, 0.0
8.325086116790771, 90, 0.0
8.338955163955688, 90, 0.0
8.35511565208435, 90, 0.0
8.374676704406738, 90, 0.0
8.392926216125488, 90, 0.0
8.408610820770264, 90, 0.0
8.425746440887451, 90, 0.0
8.443725824356079, 90, 0.0
8.465510129928589, 90, 0.0
8.477063417434692, 90, 0.0
8.48575735092163, 90, 0.0
8.494325160980225, 90, 0.0
8.507265567779541, 90, 0.0
8.524795532226562, 90, 0.0
8.535316467285156, 90, 0.0
8.54390811920166, 90, 0.0
8.552607297897339, 90, 0.0
8.560800313949585, 90, 0.0
8.568448305130005, 90, 0.0
8.578598737716675, 90, 0.0
8.587093353271484, 90, 0.0
8.595280885696411, 90, 0.0
8.603860139846802, 90, 0.0
8.612529277801514, 90, 0.0
8.621352195739746, 90, 0.0
8.628969669342041, 90, 0.0
8.637150764465332, 90, 0.0
8.645170211791992, 90, 0.0
8.653616905212402, 90, 0.0
8.662450551986694, 90, 0.0
8.670618295669556, 90, 0.0
8.680866479873657, 90, 0.0
8.688766717910767, 90, 0.0
8.696946859359741, 90, 0.0
8.704976320266724, 90, 0.0
8.713425874710083, 90, 0.0
8.722944021224976, 90, 0.0
8.73227834701538, 90, 0.0
8.740428924560547, 90, 0.0
8.747687339782715, 90, 0.0
8.755848407745361, 90, 0.0
8.764032363891602, 90, 0.0
8.77344274520874, 90, 0.0
8.783273696899414, 90, 0.0
8.791625738143921, 90, 0.0
8.799428939819336, 90, 0.0
8.808719873428345, 90, 0.0
8.816962003707886, 90, 0.0
8.826038122177124, 90, 0.0
8.834435224533081, 90, 0.0
8.843096494674683, 90, 0.0
8.851275444030762, 90, 0.0
8.863460302352905, 90, 0.0
8.872352600097656, 90, 0.0
8.883132219314575, 90, 0.0
8.892736196517944, 90, 0.0
8.901081562042236, 90, 0.0
8.908881902694702, 90, 0.0
8.917026281356812, 90, 0.0
8.925100564956665, 90, 0.0
8.934538125991821, 90, 0.0
8.942983388900757, 90, 0.0
8.951157093048096, 90, 0.0
8.958797931671143, 90, 0.0
8.967084169387817, 90, 0.0
8.975091934204102, 90, 0.0
8.984597206115723, 90, 0.0
8.993964910507202, 90, 0.0
9.00260877609253, 90, 0.0
9.01080322265625, 90, 0.0
9.01845932006836, 90, 0.0
9.026755809783936, 90, 0.0
9.035678386688232, 90, 0.0
9.043905258178711, 90, 0.0
9.052539110183716, 90, 0.0
9.060702323913574, 90, 0.0
9.068397998809814, 90, 0.0
9.076431274414062, 90, 0.0
9.085660934448242, 90, 0.0
9.095107078552246, 90, 0.0
9.103542566299438, 90, 0.0
9.112391948699951, 90, 0.0
9.120546340942383, 90, 0.0
9.127840757369995, 90, 0.0
9.13710880279541, 90, 0.0
9.14523696899414, 90, 0.0
9.153717517852783, 90, 0.0
9.162380695343018, 90, 0.0
9.170469760894775, 90, 0.0
9.177741289138794, 90, 0.0
9.187015295028687, 90, 0.0
9.19642424583435, 90, 0.0
9.204751968383789, 90, 0.0
9.213192224502563, 90, 0.0
9.221329689025879, 90, 0.0
9.22897744178772, 90, 0.0
9.238435506820679, 90, 0.0
9.246753692626953, 90, 0.0
9.254738569259644, 90, 0.0
9.267094135284424, 90, 0.0
9.275255680084229, 90, 0.0
9.284820795059204, 90, 0.0
9.29433798789978, 90, 0.0
9.303111791610718, 90, 0.0
9.31126856803894, 90, 0.0
9.31890320777893, 90, 0.0
9.327250242233276, 90, 0.0
9.336462259292603, 90, 0.0
9.344643115997314, 90, 0.0
9.35337233543396, 90, 0.0
9.361721277236938, 90, 0.0
9.369930505752563, 90, 0.0
9.377574682235718, 90, 0.0
9.387059450149536, 90, 0.0
9.396038293838501, 90, 0.0
9.404647588729858, 90, 0.0
9.413082361221313, 90, 0.0
9.421217679977417, 90, 0.0
9.42883825302124, 90, 0.0
9.437957048416138, 90, 0.0
9.446552991867065, 90, 0.0
9.454627275466919, 90, 0.0
9.463074684143066, 90, 0.0
9.471259117126465, 90, 0.0
9.47890567779541, 90, 0.0
9.487825155258179, 90, 0.0
9.497089624404907, 90, 0.0
9.505684614181519, 90, 0.0
9.513970375061035, 90, 0.0
9.522660255432129, 90, 0.0
9.530810117721558, 90, 0.0
9.540063381195068, 90, 0.0
9.547417879104614, 90, 0.0
9.555550336837769, 90, 0.0
9.564011335372925, 90, 0.0
9.572693347930908, 90, 0.0
9.580906867980957, 90, 0.0
9.590285539627075, 90, 0.0
9.598704099655151, 90, 0.0
9.606979131698608, 90, 0.0
9.616760969161987, 90, 0.0
9.624921798706055, 90, 0.0
9.633545160293579, 90, 0.0
9.642977714538574, 90, 0.0
9.651102781295776, 90, 0.0
9.658782005310059, 90, 0.0
9.67134690284729, 90, 0.0
9.679886817932129, 90, 0.0
9.6886465549469, 90, 0.0
9.698712587356567, 90, 0.0
9.707916498184204, 90, 0.0
9.716465711593628, 90, 0.0
9.72529935836792, 90, 0.0
9.73373556137085, 90, 0.0
9.74331521987915, 90, 0.0
9.751688957214355, 90, 0.0
9.759942054748535, 90, 0.0
9.76754903793335, 90, 0.0
9.775535583496094, 90, 0.0
9.783905506134033, 90, 0.0
9.793243646621704, 90, 0.0
9.801347255706787, 90, 0.0
9.811086654663086, 90, 0.0
9.818727254867554, 90, 0.0
9.826885223388672, 90, 0.0
9.834929466247559, 90, 0.0
9.844427347183228, 90, 0.0
9.852922201156616, 90, 0.0
9.861045598983765, 90, 0.0
9.868875741958618, 90, 0.0
9.877047300338745, 90, 0.0
9.885080814361572, 90, 0.0
9.894653797149658, 90, 0.0
9.903812408447266, 90, 0.0
9.912729024887085, 90, 0.0
9.92091965675354, 90, 0.0
9.928701400756836, 90, 0.0
9.936872959136963, 90, 0.0
9.945770025253296, 90, 0.0
9.954019546508789, 90, 0.0
9.962692260742188, 90, 0.0
9.97083568572998, 90, 0.0
9.978473424911499, 90, 0.0
9.986785650253296, 90, 0.0
9.995819091796875, 90, 0.0
10.005093097686768, 90, 0.0
