0.03996133804321289, 0, 100
0.06127476692199707, 0, 100
0.07191777229309082, 2, 100
0.08100628852844238, 5, 100
0.0895082950592041, 8, 100
0.09786725044250488, 11, 100
0.10662984848022461, 15, 100
0.11609983444213867, 20, 100
0.12436842918395996, 26, 100
0.13217496871948242, 33, 100
0.14034557342529297, 39, 100
0.15400910377502441, 44, 100
0.16251492500305176, 55, 100
0.17250967025756836, 66, 100
0.1810917854309082, 74, 100
0.18935322761535645, 81, 90.0
0.1980602741241455, 89, 10.0
0.20732498168945312, 97, -70.0
0.2165546417236328, 106, -100
0.22505426406860352, 112, -100
0.23337006568908691, 120, -100
0.24120759963989258, 125, -100
0.24949336051940918, 129, -100
0.25801539421081543, 132, -100
0.2682464122772217, 135, -100
0.2773101329803467, 138, -100
0.28603434562683105, 139, -100
0.294313907623291, 139, -100
0.302030086517334, 138, -100
0.31022047996520996, 137, -100
0.31984424591064453, 136, -100
0.32822370529174805, 133, -100
0.3372213840484619, 130, -100
0.3459296226501465, 126, -100
0.35419583320617676, 122, -100
0.3618659973144531, 118, -100
0.37216830253601074, 111, -100
0.3809375762939453, 104, -100
0.38924384117126465, 98, -80.0
0.39799046516418457, 92, -20.0
0.40720629692077637, 86, 40.0
0.41587185859680176, 78, 100
0.42510390281677246, 73, 100
0.43255162239074707, 68, 100
0.4408752918243408, 64, 100
0.4490063190460205, 60, 100
0.45751214027404785, 58, 100
0.46856689453125, 56, 100
0.4775564670562744, 55, 100
0.48598504066467285, 55, 100
0.4941387176513672, 56, 100
0.501774787902832, 57, 100
0.5100681781768799, 59, 100
0.5195486545562744, 61, 100
0.5281779766082764, 65, 100
0.5370059013366699, 68, 100
0.5451679229736328, 74, 100
0.5577349662780762, 79, 100
0.5664730072021484, 87, 30.0
0.577218770980835, 94, -40.0
0.5863289833068848, 102, -100
0.5946109294891357, 107, -100
0.6025130748748779, 112, -100
0.6109185218811035, 116, -100
0.6190414428710938, 119, -100
0.6282804012298584, 121, -100
0.6370429992675781, 122, -100
0.6452264785766602, 123, -100
0.6539888381958008, 123, -100
0.6613996028900146, 122, -100
0.67160964012146, 121, -100
0.6801168918609619, 118, -100
0.6884844303131104, 116, -100
0.6973738670349121, 112, -100
0.7060878276824951, 108, -100
0.7142972946166992, 104, -100
0.7239506244659424, 99, -90.0
0.7317991256713867, 93, -30.0
0.7403087615966797, 87, 30.0
0.7491481304168701, 80, 100.0
0.7576878070831299, 76, 100
0.7663910388946533, 71, 100
0.776623010635376, 68, 100
0.7852668762207031, 64, 100
0.7951035499572754, 62, 100
0.8025648593902588, 60, 100
0.8108770847320557, 60, 100
0.8190426826477051, 60, 100
0.8284308910369873, 61, 100
0.8371462821960449, 63, 100
0.845534086227417, 65, 100
0.8537840843200684, 68, 100
0.861407995223999, 72, 100
0.8697094917297363, 75, 100
0.8818068504333496, 82, 80.0
0.8910484313964844, 88, 20.0
0.8996086120605469, 94, -40.0
0.9081614017486572, 100, -100.0
0.9170293807983398, 104, -100
0.9252040386199951, 109, -100
0.9343855381011963, 112, -100
0.9421432018280029, 115, -100
0.955078125, 117, -100
0.9633002281188965, 118, -100
0.9715332984924316, 118, -100
0.9818241596221924, 117, -100
0.9904296398162842, 114, -100
0.9990346431732178, 112, -100
1.0077872276306152, 110, -100
1.0163226127624512, 106, -100
1.0246367454528809, 103, -100
1.0392134189605713, 98, -80.0
1.047884225845337, 89, 10.0
1.0572400093078613, 84, 60.0
1.0660250186920166, 77, 100
1.0742127895355225, 73, 100
1.0842678546905518, 68, 100
1.0921642780303955, 65, 100
1.1003119945526123, 63, 100
1.1085233688354492, 62, 100
1.1173748970031738, 61, 100
1.1260759830474854, 61, 100
1.135524034500122, 61, 100
1.143752098083496, 63, 100
1.151244878768921, 64, 100
1.1595017910003662, 67, 100
1.1679015159606934, 70, 100
1.176326036453247, 74, 100
1.187412977218628, 80, 100.0
1.1960697174072266, 84, 60.0
1.2044167518615723, 90, 0.0
1.2122924327850342, 97, -70.0
1.220529556274414, 102, -100
1.228654384613037, 106, -100
1.2381556034088135, 110, -100
1.2471632957458496, 113, -100
1.2555556297302246, 116, -100
1.2638025283813477, 118, -100
1.2712621688842773, 118, -100
1.2804129123687744, 119, -100
1.2898650169372559, 118, -100
1.2984085083007812, 117, -100
1.307372808456421, 115, -100
1.3159050941467285, 112, -100
1.324040174484253, 110, -100
1.3323895931243896, 106, -100
1.3409640789031982, 102, -100
1.3492918014526367, 97, -70.0
1.3618190288543701, 89, 10.0
1.3710308074951172, 83, 70.0
1.3806002140045166, 78, 100
1.3901376724243164, 73, 100
1.3983581066131592, 70, 100
1.407144546508789, 67, 100
1.4152946472167969, 65, 100
1.4232635498046875, 64, 100
1.4313089847564697, 64, 100
1.440298318862915, 64, 100
1.4485619068145752, 64, 100
1.457334041595459, 66, 100
1.4664697647094727, 68, 100
1.4749929904937744, 70, 100
1.4851479530334473, 74, 100
1.4939792156219482, 79, 100
1.5015995502471924, 83, 70.0
1.5102615356445312, 88, 20.0
1.5190200805664062, 93, -30.0
1.5277972221374512, 100, -100.0
1.5374031066894531, 104, -100
1.5460445880889893, 108, -100
1.5542559623718262, 111, -100
1.561805009841919, 113, -100
1.5700149536132812, 114, -100
1.578305721282959, 115, -100
1.588960886001587, 115, -100
1.5986485481262207, 114, -100
1.607658863067627, 112, -100
1.6162803173065186, 110, -100
1.624495029449463, 108, -100
1.6322498321533203, 104, -100
1.641864538192749, 100, -100.0
1.6503417491912842, 94, -40.0
1.659057855606079, 89, 10.0
1.6679584980010986, 84, 60.0
1.6766200065612793, 80, 100.0
1.6871438026428223, 76, 100
1.6974453926086426, 72, 100
1.706099033355713, 70, 100
1.7142510414123535, 68, 100
1.721756935119629, 68, 100
1.730247974395752, 68, 100
1.7385568618774414, 69, 100
1.7479181289672852, 70, 100
1.7601208686828613, 72, 100
1.7689573764801025, 76, 100
1.777756690979004, 81, 90.0
1.7870843410491943, 85, 50.0
1.7974343299865723, 90, 0.0
1.8062632083892822, 96, -60.0
1.81459379196167, 101, -100
1.8222858905792236, 106, -100
1.8303205966949463, 108, -100
1.838599681854248, 110, -100
1.8483295440673828, 112, -100
1.8570716381072998, 114, -100
1.8652818202972412, 114, -100
1.8733088970184326, 114, -100
1.8811171054840088, 112, -100
1.8892738819122314, 111, -100
1.8997023105621338, 108, -100
1.9084088802337646, 106, -100
1.9172031879425049, 102, -100
1.9257042407989502, 98, -80.0
1.9341366291046143, 93, -30.0
1.943373680114746, 88, 20.0
1.9516801834106445, 83, 70.0
1.959961175918579, 79, 100
1.9683232307434082, 75, 100
1.977079153060913, 72, 100
1.985196590423584, 70, 100
1.9950597286224365, 68, 100
2.003349542617798, 68, 100
2.011201858520508, 68, 100
2.01936411857605, 69, 100
2.0322728157043457, 70, 100
2.040628671646118, 74, 100
2.058032274246216, 77, 100
2.077324151992798, 85, 50.0
2.0925207138061523, 98, -80.0
2.1113390922546387, 110, -100
2.128178119659424, 116, -100
2.147390127182007, 120, -100
2.1690890789031982, 122, -100
2.1864445209503174, 120, -100
2.1960630416870117, 117, -100
2.2045159339904785, 114, -100
2.2125184535980225, 109, -100
2.221036434173584, 105, -100
2.238140821456909, 101, -100
2.2543327808380127, 89, 10.0
2.263275384902954, 78, 100
2.2713162899017334, 72, 100
2.279461145401001, 67, 100
2.288975715637207, 62, 100
2.2981908321380615, 58, 100
2.307112693786621, 54, 100
2.315290689468384, 52, 100
2.323349952697754, 51, 100
2.331325054168701, 50, 100
2.340285301208496, 50, 100
2.348510980606079, 50, 100
2.3573484420776367, 51, 100
2.3657402992248535, 52, 100
2.3739962577819824, 54, 100
2.381659507751465, 57, 100
2.3912179470062256, 60, 100
2.403303861618042, 66, 100
2.412405490875244, 72, 100
2.42130446434021, 77, 100
2.4297544956207275, 83, 70.0
2.439190149307251, 88, 20.0
2.4481377601623535, 96, -60.0
2.4570200443267822, 102, -100
2.4662373065948486, 108, -100
2.474433183670044, 112, -100
2.4821643829345703, 117, -100
2.491511583328247, 120, -100
2.4997012615203857, 122, -100
2.50923752784729, 123, -100
2.5224170684814453, 124, -100
2.530923843383789, 124, -100
2.540597677230835, 122, -100
2.549140453338623, 120, -100
2.5615487098693848, 118, -100
2.57022762298584, 113, -100
2.5786402225494385, 110, -100
2.5876212120056152, 104, -100
2.597187042236328, 100, -100.0
2.6058785915374756, 93, -30.0
2.615867853164673, 86, 40.0
2.624321937561035, 81, 90.0
2.632359266281128, 75, 100
2.6416125297546387, 70, 100
2.6497962474823, 67, 100
2.658254623413086, 64, 100
2.6669771671295166, 62, 100
2.675135850906372, 60, 100
2.683269500732422, 59, 100
2.692337989807129, 59, 100
2.7005486488342285, 60, 100
2.7100160121917725, 61, 100
2.718575954437256, 63, 100
2.7273313999176025, 66, 100
2.735893487930298, 69, 100
2.7451210021972656, 72, 100
2.7533318996429443, 78, 100
2.7613346576690674, 82, 80.0
2.7698328495025635, 88, 20.0
2.7783396244049072, 93, -30.0
2.7874083518981934, 100, -100.0
2.7969956398010254, 104, -100
2.805178642272949, 109, -100
2.8145992755889893, 112, -100
2.8226191997528076, 115, -100
2.8310515880584717, 116, -100
2.839233875274658, 118, -100
2.8484976291656494, 118, -100
2.8573319911956787, 117, -100
2.866028308868408, 116, -100
2.8742899894714355, 114, -100
2.8819127082824707, 112, -100
2.8900339603424072, 110, -100
2.899339199066162, 106, -100
2.907888650894165, 102, -100
2.917391300201416, 96, -60.0
2.9265427589416504, 92, -20.0
2.935220241546631, 86, 40.0
2.944108247756958, 80, 100.0
2.9526641368865967, 76, 100
2.9657185077667236, 71, 100
2.9739344120025635, 68, 100
2.981557607650757, 67, 100
2.9900596141815186, 66, 100
2.99923038482666, 65, 100
3.0076828002929688, 66, 100
3.0172195434570312, 67, 100
3.0258729457855225, 69, 100
3.0374364852905273, 71, 100
3.0461854934692383, 76, 100
3.0562586784362793, 80, 100.0
3.0646374225616455, 84, 60.0
3.0733296871185303, 90, 0.0
3.0812976360321045, 96, -60.0
3.089756727218628, 100, -100.0
3.099151849746704, 104, -100
3.107884168624878, 108, -100
3.1173629760742188, 111, -100
3.126129388809204, 113, -100
3.1343326568603516, 114, -100
3.1419429779052734, 114, -100
3.1512458324432373, 114, -100
3.1593527793884277, 113, -100
3.1681101322174072, 111, -100
3.176971673965454, 109, -100
3.18523907661438, 106, -100
3.1952357292175293, 102, -100
3.205141067504883, 98, -80.0
3.2156708240509033, 92, -20.0
3.2253074645996094, 86, 40.0
3.234499454498291, 80, 100.0
3.242266893386841, 75, 100
3.2513182163238525, 72, 100
3.259504556655884, 69, 100
3.267850637435913, 67, 100
3.2762362957000732, 66, 100
3.2843410968780518, 65, 100
3.292316436767578, 64, 100
3.3003604412078857, 65, 100
3.3099007606506348, 66, 100
3.31917142868042, 68, 100
3.3280253410339355, 70, 100
3.336535930633545, 73, 100
3.3450655937194824, 76, 100
3.3546206951141357, 81, 90.0
3.3675217628479004, 89, 10.0
3.376451253890991, 94, -40.0
3.385159730911255, 100, -100.0
3.393805980682373, 105, -100
3.4012720584869385, 109, -100
3.410945177078247, 112, -100
3.419978618621826, 115, -100
3.428485155105591, 116, -100
3.437204360961914, 118, -100
3.4456098079681396, 118, -100
3.45460844039917, 117, -100
3.4642536640167236, 116, -100
3.4719626903533936, 114, -100
3.4802935123443604, 112, -100
3.4885916709899902, 110, -100
3.497314214706421, 106, -100
3.506671190261841, 102, -100
3.5152456760406494, 98, -80.0
3.5245871543884277, 92, -20.0
3.5340209007263184, 86, 40.0
3.541853666305542, 81, 90.0
3.5501174926757812, 76, 100
3.559337854385376, 73, 100
3.5677924156188965, 69, 100
3.576233386993408, 67, 100
3.5843474864959717, 66, 100
3.592298746109009, 64, 100
3.6003000736236572, 64, 100
3.6098263263702393, 64, 100
3.6180689334869385, 66, 100
3.6275956630706787, 68, 100
3.636307954788208, 70, 100
3.644510269165039, 73, 100
3.6524782180786133, 78, 100
3.661835193634033, 82, 80.0
3.670316219329834, 87, 30.0
3.6790809631347656, 92, -20.0
3.687811851501465, 97, -70.0
3.6963002681732178, 102, -100
3.704510450363159, 105, -100
3.714158535003662, 109, -100
3.7226545810699463, 111, -100
3.7313928604125977, 113, -100
3.7396137714385986, 114, -100
3.747943639755249, 114, -100
3.756479501724243, 114, -100
3.7699365615844727, 112, -100
3.778459310531616, 110, -100
3.787393569946289, 107, -100
3.795849561691284, 104, -100
3.804269552230835, 100, -100.0
3.8139727115631104, 96, -60.0
3.8215651512145996, 90, 0.0
3.8313753604888916, 85, 50.0
3.8399062156677246, 80, 100.0
3.8483331203460693, 77, 100
3.8570895195007324, 73, 100
3.866334915161133, 70, 100
3.874480724334717, 69, 100
3.882143259048462, 67, 100
3.890427589416504, 67, 100
3.8986220359802246, 67, 100
3.907289981842041, 68, 100
3.917186737060547, 69, 100
3.9263482093811035, 72, 100
3.935044050216675, 74, 100
3.9425265789031982, 78, 100
3.951218605041504, 82, 80.0
3.95965576171875, 86, 40.0
3.969224214553833, 92, -20.0
3.9781811237335205, 97, -70.0
3.9870121479034424, 101, -100
3.996598958969116, 105, -100
4.005066871643066, 108, -100
4.01434588432312, 110, -100
4.022000074386597, 112, -100
4.032153367996216, 112, -100
4.041639804840088, 112, -100
4.050182819366455, 111, -100
4.058514356613159, 110, -100
4.06830620765686, 108, -100
4.0771484375, 105, -100
4.085606813430786, 101, -100
4.093968152999878, 98, -80.0
4.101715803146362, 94, -40.0
4.110363721847534, 89, 10.0
4.119987726211548, 84, 60.0
4.1285881996154785, 80, 100.0
4.138100862503052, 76, 100
4.147068738937378, 73, 100
4.15523362159729, 71, 100
4.16829776763916, 70, 100
4.177212238311768, 69, 100
4.185843229293823, 70, 100
4.194032907485962, 71, 100
4.201564788818359, 72, 100
4.209788084030151, 74, 100
4.219160318374634, 78, 100
4.227737665176392, 82, 80.0
4.237558603286743, 86, 40.0
4.247023582458496, 91, -10.0
4.255703687667847, 97, -70.0
4.264143705368042, 100, -100.0
4.273262023925781, 104, -100
4.281211614608765, 107, -100
4.28931450843811, 109, -100
4.297824144363403, 110, -100
4.306519031524658, 111, -100
4.315084218978882, 110, -100
4.32445216178894, 110, -100
4.332168817520142, 108, -100
4.3414177894592285, 106, -100
4.3559653759002686, 103, -100
4.364248275756836, 97, -70.0
4.37461519241333, 92, -20.0
4.38326358795166, 86, 40.0
4.391347646713257, 82, 80.0
4.399618148803711, 79, 100
4.407951593399048, 76, 100
4.416301965713501, 74, 100
4.425977468490601, 72, 100
4.434092998504639, 70, 100
4.4425013065338135, 70, 100
4.451189041137695, 71, 100
4.460177659988403, 72, 100
4.46845555305481, 73, 100
4.478016376495361, 76, 100
4.4869749546051025, 79, 100
4.495668172836304, 83, 70.0
4.504174470901489, 87, 30.0
4.51193380355835, 91, -10.0
4.52053689956665, 96, -60.0
4.53010630607605, 100, -100.0
4.5384721755981445, 104, -100
4.548420190811157, 106, -100
4.5571746826171875, 108, -100
4.569135904312134, 109, -100
4.578630447387695, 109, -100
4.587589979171753, 108, -100
4.59617018699646, 106, -100
4.604355812072754, 104, -100
4.612322807312012, 101, -100
4.620612144470215, 98, -80.0
4.630364418029785, 94, -40.0
4.639104843139648, 89, 10.0
4.64904522895813, 85, 50.0
4.657800674438477, 80, 100.0
4.666502475738525, 78, 100
4.675967454910278, 75, 100
4.684072971343994, 73, 100
4.6915411949157715, 72, 100
4.699650287628174, 72, 100
4.707987308502197, 72, 100
4.7164037227630615, 73, 100
4.724615573883057, 74, 100
4.7343199253082275, 77, 100
4.74398398399353, 80, 100.0
4.751861572265625, 84, 60.0
4.7605812549591064, 89, 10.0
4.769297122955322, 93, -30.0
4.779074192047119, 97, -70.0
4.7878735065460205, 101, -100
4.7978503704071045, 104, -100
4.806321382522583, 106, -100
4.814526557922363, 107, -100
4.822224140167236, 108, -100
4.831377983093262, 108, -100
4.839742422103882, 106, -100
4.850085735321045, 105, -100
4.859534978866577, 102, -100
4.8682801723480225, 100, -100.0
4.877293348312378, 95, -50.0
4.887193441390991, 92, -20.0
4.895925045013428, 86, 40.0
4.904395580291748, 83, 70.0
4.912348031997681, 79, 100
4.9203877449035645, 77, 100
4.9298622608184814, 75, 100
4.938086748123169, 74, 100
4.9465203285217285, 73, 100
4.955934762954712, 73, 100
4.968204975128174, 74, 100
4.977113962173462, 76, 100
4.986950635910034, 80, 100.0
5.006229639053345, 86, 40.0
