0.014475345611572266, 0, 4.5
0.025890111923217773, 3, 4.3500000000000005
0.03552722930908203, 5, 4.25
0.04412341117858887, 7, 4.15
0.052215576171875, 7, 4.15
0.061064720153808594, 8, 4.1000000000000005
0.07072591781616211, 9, 4.05
0.0794672966003418, 8, 4.1000000000000005
0.08778595924377441, 8, 4.1000000000000005
0.09555220603942871, 7, 4.15
0.1038522720336914, 7, 4.15
0.1122138500213623, 7, 4.15
0.12196493148803711, 7, 4.15
0.13164401054382324, 7, 4.15
0.14037799835205078, 6, 4.2
0.14894700050354004, 6, 4.2
0.15737366676330566, 7, 4.15
0.16477537155151367, 7, 4.15
0.1743011474609375, 7, 4.15
0.18282461166381836, 7, 4.15
0.1911027431488037, 7, 4.15
0.19992423057556152, 8, 4.1000000000000005
0.2081451416015625, 9, 4.05
0.2158946990966797, 9, 4.05
0.22509527206420898, 10, 4.0
0.2346630096435547, 11, 3.95
0.24348211288452148, 11, 3.95
0.2517125606536865, 11, 3.95
0.2602529525756836, 12, 3.9000000000000004
0.2686941623687744, 12, 3.9000000000000004
0.27814435958862305, 13, 3.85
0.28603267669677734, 13, 3.85
0.2943434715270996, 13, 3.85
0.3027384281158447, 13, 3.85
0.31113481521606445, 14, 3.8000000000000003
0.3199937343597412, 14, 3.8000000000000003
0.32951855659484863, 15, 3.75
0.34223008155822754, 15, 3.75
0.35110020637512207, 15, 3.75
0.36018800735473633, 15, 3.75
0.3689868450164795, 16, 3.7
0.37822961807250977, 16, 3.7
0.3859536647796631, 16, 3.7
0.39420080184936523, 17, 3.6500000000000004
0.4023311138153076, 17, 3.6500000000000004
0.41080808639526367, 17, 3.6500000000000004
0.41981005668640137, 17, 3.6500000000000004
0.42934465408325195, 18, 3.6
0.43834400177001953, 18, 3.6
0.44713711738586426, 19, 3.5500000000000003
0.4547154903411865, 19, 3.5500000000000003
0.462996244430542, 19, 3.5500000000000003
0.4714972972869873, 20, 3.5
0.4809596538543701, 20, 3.5
0.4904646873474121, 21, 3.45
0.49938392639160156, 21, 3.45
0.5076913833618164, 21, 3.45
0.5150814056396484, 21, 3.45
0.5234439373016357, 22, 3.4000000000000004
0.5336778163909912, 22, 3.4000000000000004
0.5422015190124512, 23, 3.35
0.5507464408874512, 23, 3.35
0.5595228672027588, 23, 3.35
0.5677239894866943, 23, 3.35
0.5754239559173584, 24, 3.3000000000000003
0.5844347476959229, 24, 3.3000000000000003
0.5926165580749512, 24, 3.3000000000000003
0.6014153957366943, 25, 3.25
0.610001802444458, 25, 3.25
0.6182310581207275, 25, 3.25
0.6259775161743164, 25, 3.25
0.6369662284851074, 25, 3.25
0.644756555557251, 26, 3.2
0.6530046463012695, 26, 3.2
0.6616818904876709, 27, 3.1500000000000004
0.6701889038085938, 27, 3.1500000000000004
0.6798012256622314, 27, 3.1500000000000004
0.6880698204040527, 27, 3.1500000000000004
0.6958558559417725, 27, 3.1500000000000004
0.704134464263916, 28, 3.1
0.7122278213500977, 28, 3.1
0.7209250926971436, 28, 3.1
0.7304046154022217, 29, 3.0500000000000003
0.7435295581817627, 29, 3.0500000000000003
0.7521398067474365, 29, 3.0500000000000003
0.7609777450561523, 30, 3.0
0.7698132991790771, 30, 3.0
0.7780687808990479, 31, 2.95
0.7876660823822021, 31, 2.95
0.7974884510040283, 31, 2.95
0.8048117160797119, 31, 2.95
0.8130595684051514, 31, 2.95
0.8215780258178711, 32, 2.9000000000000004
0.8301115036010742, 32, 2.9000000000000004
0.8409678936004639, 32, 2.9000000000000004
0.8506460189819336, 33, 2.85
0.8595819473266602, 33, 2.85
0.8677589893341064, 33, 2.85
0.8755147457122803, 33, 2.85
0.884425163269043, 33, 2.85
0.8928766250610352, 34, 2.8000000000000003
0.9015803337097168, 34, 2.8000000000000003
0.9101145267486572, 34, 2.8000000000000003
0.9183502197265625, 35, 2.75
0.9260296821594238, 35, 2.75
0.9354515075683594, 35, 2.75
0.943699836730957, 35, 2.75
0.9529526233673096, 36, 2.7
0.961653470993042, 36, 2.7
0.9701278209686279, 36, 2.7
0.9783551692962646, 37, 2.6500000000000004
0.9878919124603271, 37, 2.6500000000000004
0.9956345558166504, 37, 2.6500000000000004
1.0038621425628662, 37, 2.6500000000000004
1.0119473934173584, 37, 2.6500000000000004
1.0206778049468994, 37, 2.6500000000000004
1.029371976852417, 38, 2.6
1.0383601188659668, 38, 2.6
1.0477871894836426, 38, 2.6
1.0557136535644531, 39, 2.5500000000000003
1.0640697479248047, 39, 2.5500000000000003
1.072185754776001, 39, 2.5500000000000003
1.0811350345611572, 39, 2.5500000000000003
1.0907387733459473, 39, 2.5500000000000003
1.099496841430664, 39, 2.5500000000000003
1.1077549457550049, 39, 2.5500000000000003
1.1154534816741943, 40, 2.5
1.1235430240631104, 40, 2.5
1.1317074298858643, 40, 2.5
1.1450557708740234, 41, 2.45
1.1547660827636719, 41, 2.45
1.1634185314178467, 41, 2.45
1.1718578338623047, 41, 2.45
1.1803481578826904, 42, 2.4000000000000004
1.1898558139801025, 42, 2.4000000000000004
1.1980788707733154, 42, 2.4000000000000004
1.2059681415557861, 43, 2.35
1.214148759841919, 43, 2.35
1.2222657203674316, 43, 2.35
1.2307839393615723, 43, 2.35
1.240185022354126, 43, 2.35
1.2496693134307861, 43, 2.35
1.2581043243408203, 44, 2.3000000000000003
1.2659993171691895, 44, 2.3000000000000003
1.2742817401885986, 44, 2.3000000000000003
1.2826495170593262, 45, 2.25
1.2920987606048584, 45, 2.25
1.3006281852722168, 45, 2.25
1.309391975402832, 45, 2.25
1.3175816535949707, 45, 2.25
1.3251276016235352, 45, 2.25
1.333510160446167, 46, 2.2
1.3424029350280762, 46, 2.2
1.351970911026001, 46, 2.2
1.3607378005981445, 46, 2.2
1.3695034980773926, 46, 2.2
1.3777265548706055, 47, 2.15
1.3855667114257812, 47, 2.15
1.394765853881836, 47, 2.15
1.4029827117919922, 47, 2.15
1.4116497039794922, 47, 2.15
1.420184850692749, 47, 2.15
1.428609848022461, 47, 2.15
1.4364628791809082, 48, 2.1
1.4456939697265625, 48, 2.1
1.4549074172973633, 48, 2.1
1.4636363983154297, 49, 2.0500000000000003
1.471752643585205, 49, 2.0500000000000003
1.480299949645996, 49, 2.0500000000000003
1.489802598953247, 49, 2.0500000000000003
1.4995031356811523, 49, 2.0500000000000003
1.5078201293945312, 49, 2.0500000000000003
1.5155029296875, 49, 2.0500000000000003
1.5237154960632324, 49, 2.0500000000000003
1.5318331718444824, 49, 2.0500000000000003
1.5449340343475342, 49, 2.0500000000000003
1.5543608665466309, 49, 2.0500000000000003
1.5634455680847168, 49, 2.0500000000000003
1.5719640254974365, 49, 2.0500000000000003
1.5804965496063232, 49, 2.0500000000000003
1.5890917778015137, 49, 2.0500000000000003
1.6000404357910156, 49, 2.0500000000000003
1.6083040237426758, 49, 2.0500000000000003
1.616034984588623, 49, 2.0500000000000003
1.624523401260376, 49, 2.0500000000000003
1.6327545642852783, 49, 2.0500000000000003
1.6413662433624268, 49, 2.0500000000000003
1.6523334980010986, 49, 2.0500000000000003
1.6618678569793701, 49, 2.0500000000000003
1.6708288192749023, 49, 2.0500000000000003
1.6797635555267334, 49, 2.0500000000000003
1.6880388259887695, 50, 2.0
1.6975610256195068, 50, 2.0
1.7049083709716797, 51, 1.9500000000000002
1.7131071090698242, 51, 1.9500000000000002
1.7216851711273193, 51, 1.9500000000000002
1.7302169799804688, 52, 1.9000000000000001
1.7388153076171875, 52, 1.9000000000000001
1.748319387435913, 52, 1.9000000000000001
1.7576978206634521, 53, 1.85
1.7655818462371826, 53, 1.85
1.7737946510314941, 53, 1.85
1.7819039821624756, 53, 1.85
1.790499210357666, 53, 1.85
1.8002538681030273, 53, 1.85
1.8086645603179932, 53, 1.85
1.8169498443603516, 53, 1.85
1.82444167137146, 53, 1.85
1.832582950592041, 53, 1.85
1.840949535369873, 53, 1.85
1.8503894805908203, 53, 1.85
1.8600006103515625, 53, 1.85
1.8684179782867432, 53, 1.85
1.8764667510986328, 53, 1.85
1.8843343257904053, 53, 1.85
1.8924074172973633, 53, 1.85
1.9019513130187988, 53, 1.85
1.9105055332183838, 53, 1.85
1.9194667339324951, 54, 1.8
1.9277052879333496, 54, 1.8
1.9356207847595215, 54, 1.8
1.950188159942627, 54, 1.8
1.959937334060669, 55, 1.75
1.9683587551116943, 55, 1.75
1.9770252704620361, 55, 1.75
1.9847362041473389, 55, 1.75
1.9930078983306885, 56, 1.7000000000000002
2.0023515224456787, 56, 1.7000000000000002
2.0108871459960938, 56, 1.7000000000000002
2.0196070671081543, 56, 1.7000000000000002
2.0278894901275635, 57, 1.6500000000000001
2.03566312789917, 57, 1.6500000000000001
2.0440752506256104, 57, 1.6500000000000001
2.0534863471984863, 57, 1.6500000000000001
2.0628457069396973, 57, 1.6500000000000001
2.0716166496276855, 57, 1.6500000000000001
2.080144166946411, 57, 1.6500000000000001
2.0883970260620117, 57, 1.6500000000000001
2.0973963737487793, 57, 1.6500000000000001
2.1060190200805664, 57, 1.6500000000000001
2.114353656768799, 57, 1.6500000000000001
2.122469902038574, 57, 1.6500000000000001
2.1309421062469482, 57, 1.6500000000000001
2.139721632003784, 57, 1.6500000000000001
2.1480183601379395, 57, 1.6500000000000001
2.157517433166504, 57, 1.6500000000000001
2.1664559841156006, 57, 1.6500000000000001
2.174771547317505, 57, 1.6500000000000001
2.1830155849456787, 57, 1.6500000000000001
2.191742181777954, 57, 1.6500000000000001
2.2002193927764893, 57, 1.6500000000000001
2.2098324298858643, 57, 1.6500000000000001
2.218106746673584, 57, 1.6500000000000001
2.226029634475708, 57, 1.6500000000000001
2.234231472015381, 57, 1.6500000000000001
2.2423079013824463, 57, 1.6500000000000001
2.250823736190796, 57, 1.6500000000000001
2.261068820953369, 58, 1.6
2.2701847553253174, 59, 1.55
2.2787744998931885, 59, 1.55
2.287130355834961, 59, 1.55
2.2948930263519287, 60, 1.5
2.303370952606201, 60, 1.5
2.312392234802246, 61, 1.4500000000000002
2.3210315704345703, 61, 1.4500000000000002
2.3298251628875732, 61, 1.4500000000000002
2.3381118774414062, 61, 1.4500000000000002
2.3514206409454346, 61, 1.4500000000000002
2.361934185028076, 61, 1.4500000000000002
2.3708643913269043, 61, 1.4500000000000002
2.3796138763427734, 61, 1.4500000000000002
2.387896776199341, 61, 1.4500000000000002
2.3956215381622314, 61, 1.4500000000000002
2.4055111408233643, 61, 1.4500000000000002
2.414822578430176, 61, 1.4500000000000002
2.4230737686157227, 61, 1.4500000000000002
2.4316141605377197, 61, 1.4500000000000002
2.440159320831299, 61, 1.4500000000000002
2.448788642883301, 61, 1.4500000000000002
2.457066774368286, 61, 1.4500000000000002
2.468642473220825, 61, 1.4500000000000002
2.4781060218811035, 61, 1.4500000000000002
2.4878926277160645, 61, 1.4500000000000002
2.495654344558716, 61, 1.4500000000000002
2.503962516784668, 61, 1.4500000000000002
2.5129895210266113, 61, 1.4500000000000002
2.5216476917266846, 61, 1.4500000000000002
2.5301666259765625, 61, 1.4500000000000002
2.5386135578155518, 61, 1.4500000000000002
2.5465142726898193, 61, 1.4500000000000002
2.554407835006714, 61, 1.4500000000000002
2.563894033432007, 61, 1.4500000000000002
2.572925090789795, 61, 1.4500000000000002
2.581935167312622, 61, 1.4500000000000002
2.5905356407165527, 61, 1.4500000000000002
2.5991227626800537, 62, 1.4000000000000001
2.6075844764709473, 62, 1.4000000000000001
2.6164605617523193, 63, 1.35
2.6244382858276367, 63, 1.35
2.6325767040252686, 63, 1.35
2.641092300415039, 63, 1.35
2.6498610973358154, 63, 1.35
2.6580801010131836, 63, 1.35
2.6676881313323975, 63, 1.35
2.6770596504211426, 63, 1.35
2.6848578453063965, 64, 1.3
2.693127155303955, 64, 1.3
2.7017624378204346, 64, 1.3
2.7104172706604004, 64, 1.3
2.7199909687042236, 64, 1.3
2.7281949520111084, 64, 1.3
2.735978603363037, 64, 1.3
2.7490575313568115, 64, 1.3
2.7574987411499023, 64, 1.3
2.766462564468384, 64, 1.3
2.775623083114624, 64, 1.3
2.7841339111328125, 64, 1.3
2.792238235473633, 64, 1.3
2.8007302284240723, 64, 1.3
2.809492826461792, 64, 1.3
2.8189468383789062, 64, 1.3
2.8270978927612305, 64, 1.3
2.834622621536255, 64, 1.3
2.8429148197174072, 64, 1.3
2.8514468669891357, 64, 1.3
2.8600010871887207, 64, 1.3
2.869500160217285, 64, 1.3
2.8789384365081787, 64, 1.3
2.8875834941864014, 64, 1.3
2.8949801921844482, 64, 1.3
2.903067111968994, 64, 1.3
2.911524534225464, 64, 1.3
2.920785427093506, 64, 1.3
2.92952561378479, 64, 1.3
2.9377357959747314, 65, 1.25
2.945586919784546, 65, 1.25
2.9537973403930664, 65, 1.25
2.9618895053863525, 65, 1.25
2.9715685844421387, 65, 1.25
2.980837106704712, 66, 1.2000000000000002
2.9899532794952393, 67, 1.1500000000000001
2.9981794357299805, 67, 1.1500000000000001
3.0064589977264404, 67, 1.1500000000000001
3.014366626739502, 67, 1.1500000000000001
3.0236215591430664, 68, 1.1
3.031750440597534, 68, 1.1
3.040320873260498, 68, 1.1
3.0525991916656494, 69, 1.05
3.0614144802093506, 69, 1.05
3.079594612121582, 69, 1.05
3.095625400543213, 69, 1.05
3.1122477054595947, 69, 1.05
3.1308069229125977, 69, 1.05
3.1510260105133057, 69, 1.05
3.1714022159576416, 69, 1.05
3.1888203620910645, 69, 1.05
3.2058091163635254, 69, 1.05
3.2141432762145996, 69, 1.05
3.2222378253936768, 69, 1.05
3.2309603691101074, 69, 1.05
3.2397868633270264, 69, 1.05
3.248067617416382, 69, 1.05
3.269996166229248, 69, 1.05
3.282407283782959, 69, 1.05
3.2922000885009766, 69, 1.05
3.3010990619659424, 69, 1.05
3.3106689453125, 69, 1.05
3.3193535804748535, 69, 1.05
3.3275558948516846, 69, 1.05
3.334888458251953, 69, 1.05
3.3431060314178467, 69, 1.05
3.35158371925354, 69, 1.05
3.3611018657684326, 69, 1.05
3.3698370456695557, 69, 1.05
3.3780412673950195, 69, 1.05
3.3874385356903076, 69, 1.05
3.3950116634368896, 70, 1.0
3.403407096862793, 70, 1.0
3.412604808807373, 70, 1.0
3.421417236328125, 71, 0.9500000000000001
3.430030584335327, 71, 0.9500000000000001
3.438310146331787, 71, 0.9500000000000001
3.4460506439208984, 71, 0.9500000000000001
3.454343318939209, 71, 0.9500000000000001
3.4638423919677734, 71, 0.9500000000000001
3.4719395637512207, 71, 0.9500000000000001
3.480703353881836, 71, 0.9500000000000001
3.4908900260925293, 71, 0.9500000000000001
3.4999985694885254, 71, 0.9500000000000001
3.509565830230713, 71, 0.9500000000000001
3.517850637435913, 71, 0.9500000000000001
3.5255930423736572, 71, 0.9500000000000001
3.533862352371216, 71, 0.9500000000000001
3.5420920848846436, 71, 0.9500000000000001
3.5543651580810547, 71, 0.9500000000000001
3.563918113708496, 71, 0.9500000000000001
3.572164297103882, 71, 0.9500000000000001
3.5808675289154053, 71, 0.9500000000000001
3.5903637409210205, 71, 0.9500000000000001
3.59952712059021, 71, 0.9500000000000001
3.607783555984497, 71, 0.9500000000000001
3.6170437335968018, 71, 0.9500000000000001
3.624788999557495, 71, 0.9500000000000001
3.633028030395508, 71, 0.9500000000000001
3.641613245010376, 71, 0.9500000000000001
3.6501564979553223, 71, 0.9500000000000001
3.6587681770324707, 71, 0.9500000000000001
3.6682143211364746, 71, 0.9500000000000001
3.675926446914673, 71, 0.9500000000000001
3.68418025970459, 71, 0.9500000000000001
3.693459987640381, 71, 0.9500000000000001
3.701976776123047, 71, 0.9500000000000001
3.710514545440674, 71, 0.9500000000000001
3.720288038253784, 71, 0.9500000000000001
3.7286834716796875, 71, 0.9500000000000001
3.736961841583252, 71, 0.9500000000000001
3.7444546222686768, 71, 0.9500000000000001
3.7529091835021973, 71, 0.9500000000000001
3.7613909244537354, 71, 0.9500000000000001
3.7707762718200684, 71, 0.9500000000000001
3.779676914215088, 72, 0.9
3.787984609603882, 72, 0.9
3.7977216243743896, 72, 0.9
3.8054041862487793, 72, 0.9
3.814497470855713, 72, 0.9
3.8226335048675537, 72, 0.9
3.8310067653656006, 72, 0.9
3.8399643898010254, 73, 0.8500000000000001
3.848198413848877, 73, 0.8500000000000001
3.8560006618499756, 73, 0.8500000000000001
3.865006923675537, 74, 0.8
3.8736302852630615, 74, 0.8
3.881932497024536, 75, 0.75
3.8915374279022217, 75, 0.75
3.900475263595581, 75, 0.75
3.909026861190796, 75, 0.75
3.918316125869751, 75, 0.75
3.9264156818389893, 75, 0.75
3.9343485832214355, 75, 0.75
3.94244647026062, 75, 0.75
3.954784631729126, 75, 0.75
3.9634721279144287, 75, 0.75
3.97283935546875, 75, 0.75
3.981553316116333, 75, 0.75
3.990062713623047, 75, 0.75
3.9998018741607666, 75, 0.75
4.01003360748291, 75, 0.75
4.019550561904907, 75, 0.75
4.027755260467529, 75, 0.75
4.035425662994385, 75, 0.75
4.043628454208374, 75, 0.75
4.051713943481445, 75, 0.75
4.060286283493042, 75, 0.75
4.069802284240723, 75, 0.75
4.078066825866699, 75, 0.75
4.085959434509277, 75, 0.75
4.095917463302612, 75, 0.75
4.105433702468872, 75, 0.75
4.113988161087036, 75, 0.75
4.122931957244873, 75, 0.75
4.131444454193115, 75, 0.75
4.140201807022095, 75, 0.75
4.148411989212036, 75, 0.75
4.1565446853637695, 75, 0.75
4.164392948150635, 75, 0.75
4.1738121509552, 75, 0.75
4.181886672973633, 75, 0.75
4.19040060043335, 75, 0.75
4.199082136154175, 75, 0.75
4.20831036567688, 75, 0.75
4.21602988243103, 75, 0.75
4.225045204162598, 75, 0.75
4.233458518981934, 75, 0.75
4.241746664047241, 75, 0.75
4.250210762023926, 75, 0.75
4.258857250213623, 75, 0.75
4.2671003341674805, 75, 0.75
4.275901556015015, 75, 0.75
4.284463405609131, 75, 0.75
4.292632102966309, 75, 0.75
4.302078008651733, 75, 0.75
4.310781478881836, 75, 0.75
4.319733142852783, 75, 0.75
4.329103469848633, 75, 0.75
4.337580680847168, 75, 0.75
4.34497594833374, 75, 0.75
4.358376741409302, 75, 0.75
4.367067813873291, 75, 0.75
4.375858545303345, 75, 0.75
4.384495973587036, 75, 0.75
4.3926496505737305, 75, 0.75
4.402219295501709, 75, 0.75
4.410979747772217, 75, 0.75
4.419737815856934, 75, 0.75
4.429053783416748, 76, 0.7000000000000001
4.437514543533325, 76, 0.7000000000000001
4.444971799850464, 76, 0.7000000000000001
4.453431606292725, 77, 0.65
4.4616615772247314, 77, 0.65
4.470180034637451, 77, 0.65
4.479743719100952, 77, 0.65
4.48900580406189, 78, 0.6000000000000001
4.497527599334717, 78, 0.6000000000000001
4.506037473678589, 79, 0.55
4.514686822891235, 79, 0.55
4.52294659614563, 79, 0.55
4.53235650062561, 79, 0.55
4.540859937667847, 79, 0.55
4.549626111984253, 79, 0.55
4.557915210723877, 79, 0.55
4.565733909606934, 79, 0.55
4.574790000915527, 79, 0.55
4.583359479904175, 79, 0.55
4.59165620803833, 79, 0.55
4.600197792053223, 79, 0.55
4.609748363494873, 79, 0.55
4.6182005405426025, 79, 0.55
4.627786159515381, 79, 0.55
4.635451555252075, 79, 0.55
4.643664121627808, 79, 0.55
4.651776552200317, 79, 0.55
4.660417556762695, 79, 0.55
4.668944597244263, 79, 0.55
4.678003311157227, 79, 0.55
4.685857057571411, 79, 0.55
4.694085359573364, 79, 0.55
4.702168703079224, 79, 0.55
4.711764574050903, 79, 0.55
4.720251798629761, 79, 0.55
4.729846477508545, 79, 0.55
4.738065719604492, 79, 0.55
4.745954990386963, 79, 0.55
4.7597222328186035, 79, 0.55
4.767987012863159, 79, 0.55
4.775851726531982, 79, 0.55
4.78552508354187, 79, 0.55
4.793855667114258, 79, 0.55
4.80217170715332, 79, 0.55
4.812647104263306, 79, 0.55
4.821506977081299, 79, 0.55
4.830840587615967, 79, 0.55
4.839616775512695, 79, 0.55
4.847878456115723, 79, 0.55
4.855589866638184, 79, 0.55
4.863956928253174, 79, 0.55
4.872029781341553, 79, 0.55
4.881526231765747, 79, 0.55
4.890064716339111, 79, 0.55
4.898316144943237, 79, 0.55
4.90837287902832, 79, 0.55
4.917996168136597, 79, 0.55
4.9265100955963135, 79, 0.55
4.9355785846710205, 79, 0.55
4.943866491317749, 79, 0.55
4.952032566070557, 79, 0.55
4.960512399673462, 79, 0.55
4.969034671783447, 79, 0.55
4.977451324462891, 79, 0.55
4.98602294921875, 79, 0.55
4.994333505630493, 79, 0.55
5.017624616622925, 79, 0.55
5.025486946105957, 79, 0.55
5.034657716751099, 79, 0.55
5.043007135391235, 79, 0.55
5.051648855209351, 79, 0.55
5.064696311950684, 79, 0.55
5.072861194610596, 79, 0.55
5.081660747528076, 79, 0.55
5.09097695350647, 79, 0.55
5.099794387817383, 79, 0.55
5.108052492141724, 79, 0.55
5.117639780044556, 79, 0.55
5.125487565994263, 79, 0.55
5.134491920471191, 79, 0.55
5.142629146575928, 79, 0.55
5.15496563911438, 79, 0.55
5.163664102554321, 79, 0.55
5.171957015991211, 79, 0.55
5.180788993835449, 79, 0.55
5.19034743309021, 79, 0.55
5.19880223274231, 79, 0.55
5.2070581912994385, 80, 0.5
5.215623378753662, 80, 0.5
5.224445581436157, 81, 0.45
5.23263955116272, 81, 0.45
5.241969347000122, 81, 0.45
5.250542163848877, 81, 0.45
5.259124994277954, 81, 0.45
5.2675700187683105, 82, 0.4
5.274992942810059, 82, 0.4
5.2833945751190186, 82, 0.4
5.292312145233154, 82, 0.4
5.301866769790649, 82, 0.4
5.310600280761719, 82, 0.4
5.320060729980469, 82, 0.4
5.329478025436401, 82, 0.4
5.338803052902222, 82, 0.4
5.34711766242981, 82, 0.4
5.354665517807007, 82, 0.4
5.362859487533569, 82, 0.4
5.371368408203125, 82, 0.4
5.37983775138855, 81, 0.45
5.389111042022705, 81, 0.45
5.397677659988403, 81, 0.45
5.405508041381836, 81, 0.45
5.413875579833984, 81, 0.45
5.423120737075806, 81, 0.45
5.431666851043701, 81, 0.45
5.441018342971802, 81, 0.45
5.449791431427002, 81, 0.45
5.458065986633301, 81, 0.45
5.4659507274627686, 81, 0.45
5.474201440811157, 81, 0.45
5.487951278686523, 81, 0.45
5.513917446136475, 81, 0.45
5.537602663040161, 81, 0.45
5.566488981246948, 81, 0.45
5.592020273208618, 81, 0.45
5.615786790847778, 81, 0.45
5.65795373916626, 81, 0.45
5.689778566360474, 81, 0.45
5.7102439403533936, 81, 0.45
5.718647718429565, 81, 0.45
5.728074550628662, 81, 0.45
5.735994100570679, 81, 0.45
5.745059967041016, 81, 0.45
5.75352144241333, 81, 0.45
5.7619359493255615, 81, 0.45
5.770496606826782, 81, 0.45
5.779026746749878, 81, 0.45
5.7874274253845215, 81, 0.45
5.795800685882568, 81, 0.45
5.804126977920532, 82, 0.4
5.812171936035156, 82, 0.4
5.820858001708984, 82, 0.4
5.8305017948150635, 82, 0.4
5.839454650878906, 82, 0.4
5.84865927696228, 82, 0.4
5.856955289840698, 82, 0.4
5.864424705505371, 82, 0.4
5.872601747512817, 83, 0.35000000000000003
5.881134033203125, 83, 0.35000000000000003
5.890016555786133, 83, 0.35000000000000003
5.899557113647461, 83, 0.35000000000000003
5.907839059829712, 84, 0.30000000000000004
5.91564154624939, 84, 0.30000000000000004
5.923893213272095, 84, 0.30000000000000004
5.933009386062622, 84, 0.30000000000000004
5.941919326782227, 85, 0.25
5.951472520828247, 84, 0.30000000000000004
5.96449613571167, 84, 0.30000000000000004
5.973093271255493, 84, 0.30000000000000004
5.981789588928223, 84, 0.30000000000000004
5.990319013595581, 84, 0.30000000000000004
5.999939441680908, 84, 0.30000000000000004
6.008178472518921, 84, 0.30000000000000004
6.015953779220581, 84, 0.30000000000000004
6.024226903915405, 84, 0.30000000000000004
6.033505439758301, 84, 0.30000000000000004
6.041983366012573, 84, 0.30000000000000004
6.053083181381226, 84, 0.30000000000000004
6.061925172805786, 84, 0.30000000000000004
6.070497035980225, 84, 0.30000000000000004
6.079072713851929, 84, 0.30000000000000004
6.087553024291992, 84, 0.30000000000000004
6.095422744750977, 84, 0.30000000000000004
6.1044020652771, 84, 0.30000000000000004
6.112584829330444, 84, 0.30000000000000004
6.12111234664917, 84, 0.30000000000000004
6.130583047866821, 84, 0.30000000000000004
6.1395485401153564, 84, 0.30000000000000004
6.147855281829834, 84, 0.30000000000000004
6.1573805809021, 84, 0.30000000000000004
6.164748191833496, 84, 0.30000000000000004
6.173050403594971, 84, 0.30000000000000004
6.181718111038208, 84, 0.30000000000000004
6.19018816947937, 84, 0.30000000000000004
6.198702096939087, 84, 0.30000000000000004
6.208100080490112, 84, 0.30000000000000004
6.2158308029174805, 84, 0.30000000000000004
6.224334239959717, 84, 0.30000000000000004
6.233868360519409, 84, 0.30000000000000004
6.242333889007568, 84, 0.30000000000000004
6.251852750778198, 84, 0.30000000000000004
6.260471343994141, 84, 0.30000000000000004
6.269074201583862, 84, 0.30000000000000004
6.277502775192261, 84, 0.30000000000000004
6.284915208816528, 84, 0.30000000000000004
6.293431520462036, 84, 0.30000000000000004
6.302812814712524, 84, 0.30000000000000004
6.311394214630127, 84, 0.30000000000000004
6.319989919662476, 84, 0.30000000000000004
6.3282554149627686, 84, 0.30000000000000004
6.33778715133667, 84, 0.30000000000000004
6.3457512855529785, 84, 0.30000000000000004
6.359922170639038, 84, 0.30000000000000004
6.368165731430054, 84, 0.30000000000000004
6.3764214515686035, 84, 0.30000000000000004
6.384496450424194, 84, 0.30000000000000004
6.392735481262207, 84, 0.30000000000000004
6.401124715805054, 84, 0.30000000000000004
6.412097454071045, 84, 0.30000000000000004
6.420780897140503, 84, 0.30000000000000004
6.4295265674591064, 84, 0.30000000000000004
6.439593553543091, 84, 0.30000000000000004
6.44893217086792, 84, 0.30000000000000004
6.458682537078857, 84, 0.30000000000000004
6.46693754196167, 84, 0.30000000000000004
6.474430322647095, 84, 0.30000000000000004
6.4841532707214355, 84, 0.30000000000000004
6.492274522781372, 84, 0.30000000000000004
6.500790596008301, 84, 0.30000000000000004
6.510306358337402, 84, 0.30000000000000004
6.518702268600464, 84, 0.30000000000000004
6.52703070640564, 84, 0.30000000000000004
6.534492254257202, 84, 0.30000000000000004
6.5441813468933105, 84, 0.30000000000000004
6.552571535110474, 84, 0.30000000000000004
6.561819076538086, 84, 0.30000000000000004
6.570377826690674, 84, 0.30000000000000004
6.578819990158081, 84, 0.30000000000000004
6.5871288776397705, 84, 0.30000000000000004
6.594769477844238, 84, 0.30000000000000004
6.603394269943237, 84, 0.30000000000000004
6.612639427185059, 84, 0.30000000000000004
6.621497392654419, 84, 0.30000000000000004
6.630054712295532, 84, 0.30000000000000004
6.638308048248291, 84, 0.30000000000000004
6.64775824546814, 84, 0.30000000000000004
6.655702590942383, 84, 0.30000000000000004
6.665005445480347, 85, 0.25
6.673396587371826, 85, 0.25
6.681664943695068, 85, 0.25
6.69014573097229, 85, 0.25
6.698612689971924, 85, 0.25
6.7064971923828125, 85, 0.25
6.715764999389648, 86, 0.2
6.724126100540161, 86, 0.2
6.73228645324707, 87, 0.15000000000000002
6.741005897521973, 87, 0.15000000000000002
6.750541687011719, 87, 0.15000000000000002
6.764482498168945, 87, 0.15000000000000002
6.772945165634155, 87, 0.15000000000000002
6.781866073608398, 87, 0.15000000000000002
6.79060435295105, 87, 0.15000000000000002
6.799343585968018, 87, 0.15000000000000002
6.807568073272705, 87, 0.15000000000000002
6.8160340785980225, 88, 0.1
6.82426381111145, 88, 0.1
6.83230185508728, 88, 0.1
6.8409340381622314, 88, 0.1
6.850510120391846, 87, 0.15000000000000002
6.8595075607299805, 87, 0.15000000000000002
6.868833303451538, 87, 0.15000000000000002
6.877399206161499, 87, 0.15000000000000002
6.884817838668823, 87, 0.15000000000000002
6.893126726150513, 87, 0.15000000000000002
6.901811599731445, 88, 0.1
6.910370349884033, 88, 0.1
6.919885873794556, 87, 0.15000000000000002
6.928110361099243, 87, 0.15000000000000002
6.935866594314575, 87, 0.15000000000000002
6.944108963012695, 87, 0.15000000000000002
6.953381061553955, 87, 0.15000000000000002
6.962615966796875, 87, 0.15000000000000002
6.971372127532959, 87, 0.15000000000000002
6.979983329772949, 87, 0.15000000000000002
6.988218069076538, 87, 0.15000000000000002
6.996000289916992, 87, 0.15000000000000002
7.004428863525391, 87, 0.15000000000000002
7.013737440109253, 87, 0.15000000000000002
7.022053480148315, 87, 0.15000000000000002
7.030612945556641, 87, 0.15000000000000002
7.039100408554077, 87, 0.15000000000000002
7.048264503479004, 87, 0.15000000000000002
7.057053327560425, 87, 0.15000000000000002
7.065722942352295, 87, 0.15000000000000002
7.074063062667847, 87, 0.15000000000000002
7.082352638244629, 87, 0.15000000000000002
7.090987682342529, 87, 0.15000000000000002
7.099728345870972, 87, 0.15000000000000002
7.108015060424805, 87, 0.15000000000000002
7.117595195770264, 87, 0.15000000000000002
7.124998092651367, 87, 0.15000000000000002
7.1334452629089355, 87, 0.15000000000000002
7.141879320144653, 87, 0.15000000000000002
7.151434421539307, 87, 0.15000000000000002
7.164363861083984, 87, 0.15000000000000002
7.173986196517944, 87, 0.15000000000000002
7.1822285652160645, 87, 0.15000000000000002
7.190926551818848, 87, 0.15000000000000002
7.199875116348267, 87, 0.15000000000000002
7.208106994628906, 87, 0.15000000000000002
7.219032526016235, 87, 0.15000000000000002
7.2274885177612305, 87, 0.15000000000000002
7.234823703765869, 87, 0.15000000000000002
7.243069648742676, 87, 0.15000000000000002
7.253495216369629, 87, 0.15000000000000002
7.263008117675781, 87, 0.15000000000000002
7.2727227210998535, 87, 0.15000000000000002
7.2811033725738525, 87, 0.15000000000000002
7.289856910705566, 87, 0.15000000000000002
7.298121929168701, 87, 0.15000000000000002
7.305866956710815, 87, 0.15000000000000002
7.314138174057007, 87, 0.15000000000000002
7.323486328125, 87, 0.15000000000000002
7.3477256298065186, 87, 0.15000000000000002
7.3780553340911865, 87, 0.15000000000000002
7.398702144622803, 87, 0.15000000000000002
7.4158034324646, 87, 0.15000000000000002
7.431726455688477, 87, 0.15000000000000002
7.452024936676025, 87, 0.15000000000000002
7.4694297313690186, 87, 0.15000000000000002
7.504886865615845, 88, 0.1
7.5331220626831055, 88, 0.1
7.572425365447998, 88, 0.1
7.597649812698364, 88, 0.1
7.61808180809021, 88, 0.1
7.645533084869385, 87, 0.15000000000000002
7.680548906326294, 87, 0.15000000000000002
7.71430516242981, 87, 0.15000000000000002
7.738198757171631, 88, 0.1
7.74602484703064, 88, 0.1
7.754238128662109, 88, 0.1
7.763525009155273, 88, 0.1
7.771974086761475, 88, 0.1
7.781617879867554, 88, 0.1
7.79010534286499, 88, 0.1
7.798295021057129, 88, 0.1
7.8065314292907715, 88, 0.1
7.814834833145142, 88, 0.1
7.82306432723999, 88, 0.1
7.832379341125488, 88, 0.1
7.840875148773193, 88, 0.1
7.849581718444824, 88, 0.1
7.857807636260986, 88, 0.1
7.86711049079895, 88, 0.1
7.874939918518066, 88, 0.1
7.884390830993652, 88, 0.1
7.892470836639404, 88, 0.1
7.900977373123169, 88, 0.1
7.909799814224243, 88, 0.1
7.918020486831665, 88, 0.1
7.925954580307007, 88, 0.1
7.9350621700286865, 88, 0.1
7.943460941314697, 88, 0.1
7.9516777992248535, 88, 0.1
7.96485161781311, 88, 0.1
7.973669052124023, 88, 0.1
7.983026742935181, 88, 0.1
7.991677284240723, 88, 0.1
8.00013542175293, 88, 0.1
8.008349895477295, 88, 0.1
8.018206357955933, 88, 0.1
8.025908946990967, 88, 0.1
8.034956216812134, 88, 0.1
8.04368805885315, 88, 0.1
8.057851791381836, 88, 0.1
8.068037986755371, 88, 0.1
8.077532529830933, 88, 0.1
8.0914626121521, 88, 0.1
8.108258247375488, 88, 0.1
8.125909328460693, 88, 0.1
8.142439603805542, 88, 0.1
8.160775184631348, 88, 0.1
8.180461406707764, 88, 0.1
8.199819087982178, 88, 0.1
8.215474367141724, 88, 0.1
8.224358081817627, 88, 0.1
8.23242974281311, 88, 0.1
8.24090576171875, 88, 0.1
8.249581098556519, 88, 0.1
8.25784182548523, 88, 0.1
8.278233289718628, 88, 0.1
8.291595458984375, 88, 0.1
8.300614595413208, 88, 0.1
8.309104204177856, 88, 0.1
8.318230390548706, 88, 0.1
8.325994729995728, 88, 0.1
8.33417797088623, 88, 0.1
8.342406034469604, 88, 0.1
8.35087251663208, 88, 0.1
8.363000869750977, 88, 0.1
8.373723983764648, 88, 0.1
8.382188558578491, 88, 0.1
8.390822887420654, 88, 0.1
8.399675369262695, 88, 0.1
8.40798544883728, 88, 0.1
8.415657043457031, 88, 0.1
8.424712896347046, 88, 0.1
8.433064222335815, 88, 0.1
8.441529273986816, 88, 0.1
8.450053215026855, 88, 0.1
8.458250999450684, 88, 0.1
8.466479301452637, 88, 0.1
8.477021217346191, 88, 0.1
8.485851049423218, 88, 0.1
8.494174003601074, 88, 0.1
8.502307176589966, 88, 0.1
8.510773181915283, 88, 0.1
8.519654035568237, 88, 0.1
8.528808355331421, 88, 0.1
8.537062644958496, 88, 0.1
8.544522285461426, 88, 0.1
8.552831172943115, 88, 0.1
8.561509609222412, 88, 0.1
8.57002067565918, 88, 0.1
8.580391645431519, 88, 0.1
8.589107751846313, 88, 0.1
8.59751009941101, 88, 0.1
8.604852676391602, 88, 0.1
8.613046407699585, 88, 0.1
8.621487140655518, 88, 0.1
8.630784749984741, 88, 0.1
8.639681816101074, 88, 0.1
8.647893905639648, 88, 0.1
8.655592441558838, 88, 0.1
8.663798332214355, 88, 0.1
8.671837091445923, 88, 0.1
8.6820707321167, 88, 0.1
8.690724849700928, 88, 0.1
8.699578046798706, 88, 0.1
8.707781553268433, 88, 0.1
8.715481996536255, 88, 0.1
8.724420547485352, 88, 0.1
8.732583999633789, 88, 0.1
8.740939140319824, 88, 0.1
8.749638795852661, 88, 0.1
8.757871389389038, 88, 0.1
8.770507574081421, 88, 0.1
8.780822038650513, 88, 0.1
8.789980173110962, 88, 0.1
8.79819369316101, 88, 0.1
8.805934190750122, 88, 0.1
8.815795660018921, 88, 0.1
8.82428240776062, 88, 0.1
8.833657264709473, 88, 0.1
8.841734409332275, 88, 0.1
8.850192546844482, 88, 0.1
8.858612775802612, 88, 0.1
8.866454601287842, 88, 0.1
8.874330759048462, 88, 0.1
8.885993003845215, 88, 0.1
8.894632339477539, 88, 0.1
8.90275239944458, 88, 0.1
8.911053657531738, 88, 0.1
8.919825792312622, 88, 0.1
8.929102182388306, 88, 0.1
8.93750786781311, 88, 0.1
8.944998264312744, 88, 0.1
8.953641176223755, 88, 0.1
8.961722373962402, 88, 0.1
8.970155954360962, 88, 0.1
8.979745626449585, 88, 0.1
8.989473342895508, 88, 0.1
8.997657060623169, 88, 0.1
9.005502700805664, 88, 0.1
9.013502836227417, 88, 0.1
9.021697998046875, 88, 0.1
9.03084683418274, 88, 0.1
9.03954005241394, 88, 0.1
9.047741174697876, 88, 0.1
9.055392980575562, 88, 0.1
9.063843250274658, 88, 0.1
9.071939468383789, 88, 0.1
9.082470655441284, 88, 0.1
9.091484546661377, 88, 0.1
9.099997758865356, 88, 0.1
9.108190059661865, 88, 0.1
9.115927457809448, 88, 0.1
9.124320268630981, 88, 0.1
9.133825778961182, 88, 0.1
9.141816854476929, 88, 0.1
9.150329351425171, 88, 0.1
9.158685445785522, 88, 0.1
9.171539068222046, 88, 0.1
9.180325508117676, 88, 0.1
9.190779209136963, 88, 0.1
9.199541568756104, 88, 0.1
9.207728624343872, 88, 0.1
9.215542078018188, 88, 0.1
9.223647594451904, 88, 0.1
9.233058452606201, 88, 0.1
9.241718053817749, 88, 0.1
9.25015664100647, 88, 0.1
9.25862169265747, 88, 0.1
9.266459226608276, 88, 0.1
9.27431035041809, 88, 0.1
9.28237771987915, 88, 0.1
9.292567729949951, 88, 0.1
9.301031351089478, 88, 0.1
9.309757947921753, 88, 0.1
9.318038940429688, 88, 0.1
9.325695991516113, 88, 0.1
9.333923578262329, 88, 0.1
9.343345403671265, 88, 0.1
9.351648330688477, 88, 0.1
9.360280275344849, 88, 0.1
9.368666410446167, 88, 0.1
9.376925706863403, 88, 0.1
9.38645339012146, 88, 0.1
9.394744157791138, 88, 0.1
9.40294361114502, 88, 0.1
9.411412239074707, 88, 0.1
9.420155763626099, 88, 0.1
9.428359508514404, 88, 0.1
9.437713146209717, 88, 0.1
9.445106267929077, 88, 0.1
9.453393697738647, 88, 0.1
9.461679935455322, 88, 0.1
9.4702787399292, 88, 0.1
9.478776454925537, 88, 0.1
9.490147113800049, 88, 0.1
9.498764514923096, 88, 0.1
9.507059097290039, 88, 0.1
9.51448678970337, 88, 0.1
9.5226469039917, 88, 0.1
9.530966997146606, 88, 0.1
9.540568113327026, 88, 0.1
9.561092853546143, 88, 0.1
9.5996675491333, 88, 0.1
9.608166933059692, 88, 0.1
9.618192672729492, 88, 0.1
9.625888586044312, 88, 0.1
9.634125232696533, 88, 0.1
9.643441677093506, 88, 0.1
9.651661157608032, 88, 0.1
9.660279035568237, 88, 0.1
9.668667316436768, 88, 0.1
9.676923751831055, 88, 0.1
9.684357643127441, 88, 0.1
9.697388410568237, 88, 0.1
9.705029964447021, 88, 0.1
9.713470220565796, 88, 0.1
9.721862316131592, 88, 0.1
9.730509042739868, 88, 0.1
9.73902440071106, 88, 0.1
9.74827766418457, 88, 0.1
9.755982160568237, 88, 0.1
9.764177799224854, 88, 0.1
9.772260189056396, 88, 0.1
9.780925750732422, 88, 0.1
9.789618253707886, 88, 0.1
9.8001127243042, 88, 0.1
9.808345317840576, 88, 0.1
9.816029787063599, 88, 0.1
9.824188470840454, 88, 0.1
9.832288026809692, 88, 0.1
9.840903520584106, 88, 0.1
9.850479125976562, 88, 0.1
9.859434366226196, 88, 0.1
9.86763048171997, 88, 0.1
9.875017166137695, 88, 0.1
9.883052110671997, 88, 0.1
9.892404079437256, 88, 0.1
9.902153968811035, 88, 0.1
9.91064739227295, 88, 0.1
9.919395923614502, 88, 0.1
9.927598237991333, 88, 0.1
9.934988498687744, 88, 0.1
9.943010091781616, 88, 0.1
9.952283143997192, 88, 0.1
9.960943222045898, 88, 0.1
9.973883152008057, 88, 0.1
9.982162952423096, 88, 0.1
9.990931749343872, 88, 0.1
10.00167989730835, 88, 0.1
