0.010156631469726562, 0, 100
0.018215656280517578, 0, 100
0.026015758514404297, 0, 100
0.03271341323852539, 1, 100
0.039696693420410156, 2, 100
0.04616260528564453, 4, 89.0
0.05275702476501465, 6, 86.0
0.05824756622314453, 8, 83.0
0.06544017791748047, 11, 58.5
0.07132863998413086, 14, 54.0
0.07758951187133789, 18, 28.0
0.08417749404907227, 20, 65.0
0.09132790565490723, 23, 40.5
0.09782648086547852, 27, 14.5
0.10475850105285645, 30, 30.0
0.11054158210754395, 33, 25.5
0.11687684059143066, 37, -0.5
0.12477612495422363, 39, 36.5
0.13085198402404785, 42, 12.0
0.13741850852966309, 45, 7.5
0.14870357513427734, 47, 24.5
0.15600848197937012, 51, -21.5
0.16232633590698242, 53, 15.5
0.16864538192749023, 56, -9.0
0.17581558227539062, 57, 29.5
0.1816575527191162, 58, 28.0
0.1880035400390625, 60, 5.0
0.19578099250793457, 62, 2.0
0.2016456127166748, 63, 20.5
0.20802044868469238, 64, 19.0
0.21538639068603516, 66, -4.0
0.22125744819641113, 67, 14.5
0.22884821891784668, 68, 13.0
0.235823392868042, 70, -10.0
0.24347209930419922, 70, 30.0
0.24932456016540527, 72, -13.0
0.25592660903930664, 72, 27.0
0.2617611885070801, 73, 5.5
0.2680814266204834, 74, 4.0
0.2753782272338867, 75, 2.5
0.2809464931488037, 76, 1.0
0.2875082492828369, 76, 21.0
0.2955026626586914, 77, -0.5
0.3013768196105957, 78, -2.0
0.3076896667480469, 78, 18.0
0.31452369689941406, 79, -3.5
0.3204314708709717, 79, 16.5
0.32776856422424316, 80, -5.0
0.33530521392822266, 80, 15.0
0.34089112281799316, 81, -6.5
0.3483896255493164, 82, -8.0
0.35568785667419434, 82, 12.0
0.3614983558654785, 82, 12.0
0.3677661418914795, 82, 12.0
0.37456464767456055, 82, 12.0
0.3805370330810547, 83, -9.5
0.3868753910064697, 83, 10.5
0.3949856758117676, 84, -11.0
0.40076184272766113, 84, 9.0
0.4069647789001465, 84, 9.0
0.4138221740722656, 84, 9.0
0.4197359085083008, 84, 9.0
0.42691874504089355, 85, -12.5
0.4340543746948242, 85, 7.5
0.4400479793548584, 85, 7.5
0.44750142097473145, 85, 7.5
0.45418572425842285, 86, -14.0
0.4602944850921631, 86, 6.0
0.46671533584594727, 86, 6.0
0.4735586643218994, 86, 6.0
0.47933506965637207, 86, 6.0
0.48604369163513184, 86, 6.0
0.49226880073547363, 86, 6.0
0.49948668479919434, 86, 6.0
0.506065845489502, 86, 6.0
0.5122284889221191, 86, 6.0
0.5184440612792969, 87, -15.5
0.5262134075164795, 87, 4.5
0.5330228805541992, 87, 4.5
0.5386905670166016, 87, 4.5
0.5507276058197021, 87, 4.5
0.5575366020202637, 87, 4.5
0.5641510486602783, 88, -17.0
0.5702602863311768, 88, 3.0
0.5768699645996094, 88, 3.0
0.5836684703826904, 88, 3.0
0.5896530151367188, 87, 24.5
0.596099853515625, 87, 4.5
0.6037993431091309, 88, -17.0
0.6097848415374756, 88, 3.0
0.6163125038146973, 88, 3.0
0.6228883266448975, 87, 24.5
0.6297454833984375, 87, 4.5
0.6367325782775879, 88, -17.0
0.6436252593994141, 88, 3.0
0.6503002643585205, 88, 3.0
0.6566448211669922, 88, 3.0
0.6635334491729736, 87, 24.5
0.6693234443664551, 87, 4.5
0.6758668422698975, 87, 4.5
0.6816730499267578, 88, -17.0
0.6879680156707764, 88, 3.0
0.6949822902679443, 88, 3.0
0.7017374038696289, 88, 3.0
0.7080249786376953, 87, 24.5
0.714977502822876, 87, 4.5
0.7207493782043457, 87, 4.5
0.7280960083007812, 88, -17.0
0.735511302947998, 88, 3.0
0.7412941455841064, 88, 3.0
0.7477421760559082, 87, 24.5
0.7558579444885254, 87, 4.5
0.7616336345672607, 87, 4.5
0.7680165767669678, 88, -17.0
0.774907112121582, 88, 3.0
0.7806785106658936, 88, 3.0
0.7869553565979004, 87, 24.5
0.7938354015350342, 87, 4.5
0.8029537200927734, 87, 4.5
0.8086838722229004, 88, -17.0
0.8158061504364014, 88, 3.0
0.8215434551239014, 88, 3.0
0.8298282623291016, 87, 24.5
0.8373887538909912, 87, 4.5
0.8444435596466064, 88, -17.0
0.8502082824707031, 88, 3.0
0.8575568199157715, 88, 3.0
0.8640563488006592, 88, 3.0
0.8699841499328613, 88, 3.0
0.876532793045044, 87, 24.5
0.8840627670288086, 87, 4.5
0.8900976181030273, 88, -17.0
0.8965184688568115, 88, 3.0
0.9040482044219971, 88, 3.0
0.9100160598754883, 87, 24.5
0.9164533615112305, 87, 4.5
0.9232461452484131, 87, 4.5
0.9287569522857666, 88, -17.0
0.9364449977874756, 88, 3.0
0.9435062408447266, 88, 3.0
0.954857587814331, 87, 24.5
0.9607284069061279, 87, 4.5
0.9677014350891113, 87, 4.5
0.9747860431671143, 88, -17.0
0.9805448055267334, 88, 3.0
0.9868059158325195, 88, 3.0
0.9936120510101318, 88, 3.0
0.9997270107269287, 88, 3.0
1.0070078372955322, 87, 24.5
1.0138914585113525, 87, 4.5
1.0198948383331299, 88, -17.0
1.026304006576538, 88, 3.0
1.0328149795532227, 88, 3.0
1.0399844646453857, 88, 3.0
1.046473503112793, 87, 24.5
1.0533277988433838, 87, 4.5
1.0600614547729492, 88, -17.0
1.0665457248687744, 88, 3.0
1.073298454284668, 88, 3.0
1.0787198543548584, 88, 3.0
1.0856823921203613, 87, 24.5
1.0914900302886963, 87, 4.5
1.0977823734283447, 87, 4.5
1.104738473892212, 88, -17.0
1.1115686893463135, 88, 3.0
1.117990493774414, 88, 3.0
1.1248691082000732, 87, 24.5
1.1307268142700195, 87, 4.5
1.138068437576294, 87, 4.5
1.1455192565917969, 88, -17.0
1.1513664722442627, 88, 3.0
1.1586558818817139, 88, 3.0
1.1656453609466553, 87, 24.5
1.1714692115783691, 87, 4.5
1.1778955459594727, 87, 4.5
1.184858798980713, 88, -17.0
1.1906132698059082, 88, 3.0
1.1969175338745117, 88, 3.0
1.2037901878356934, 87, 24.5
1.2106692790985107, 87, 4.5
1.2170031070709229, 88, -17.0
1.2238647937774658, 88, 3.0
1.2297682762145996, 88, 3.0
1.2369122505187988, 88, 3.0
1.244028091430664, 87, 24.5
1.2500419616699219, 87, 4.5
1.2564425468444824, 87, 4.5
1.2640423774719238, 88, -17.0
1.27018141746521, 88, 3.0
1.2765305042266846, 88, 3.0
1.2834155559539795, 87, 24.5
1.288961410522461, 87, 4.5
1.2959282398223877, 87, 4.5
1.30180025100708, 88, -17.0
1.3080947399139404, 88, 3.0
1.3159594535827637, 88, 3.0
1.3217566013336182, 87, 24.5
1.3280682563781738, 87, 4.5
1.3349618911743164, 87, 4.5
1.342789888381958, 88, -17.0
1.3527605533599854, 88, 3.0
1.3587968349456787, 88, 3.0
1.3665683269500732, 87, 24.5
1.373469591140747, 87, 4.5
1.3794634342193604, 87, 4.5
1.3860180377960205, 88, -17.0
1.3923137187957764, 88, 3.0
1.3984150886535645, 88, 3.0
1.4053940773010254, 88, 3.0
1.4127907752990723, 87, 24.5
1.4186451435089111, 87, 4.5
1.4256813526153564, 88, -17.0
1.4314885139465332, 88, 3.0
1.4387173652648926, 88, 3.0
1.4458301067352295, 88, 3.0
1.4516468048095703, 87, 24.5
1.4580481052398682, 87, 4.5
1.4660415649414062, 88, -17.0
1.4718530178070068, 88, 3.0
1.4782586097717285, 88, 3.0
1.4854052066802979, 88, 3.0
1.4912281036376953, 87, 24.5
1.4975318908691406, 87, 4.5
1.5040972232818604, 87, 4.5
1.5101234912872314, 88, -17.0
1.517519235610962, 88, 3.0
1.5240273475646973, 88, 3.0
1.5301578044891357, 87, 24.5
1.5367801189422607, 87, 4.5
1.5449371337890625, 87, 4.5
1.5506494045257568, 87, 4.5
1.5569961071014404, 88, -17.0
1.5649023056030273, 88, 3.0
1.570678949356079, 88, 3.0
1.576951503753662, 87, 24.5
1.5838148593902588, 87, 4.5
1.5898246765136719, 87, 4.5
1.5963513851165771, 87, 4.5
1.604767084121704, 88, -17.0
1.6105201244354248, 88, 3.0
1.6177730560302734, 88, 3.0
1.6245768070220947, 87, 24.5
1.6304640769958496, 87, 4.5
1.6367781162261963, 87, 4.5
1.6464366912841797, 88, -17.0
1.6534960269927979, 88, 3.0
1.6596219539642334, 88, 3.0
1.6668071746826172, 87, 24.5
1.673734188079834, 87, 4.5
1.6796867847442627, 87, 4.5
1.6861059665679932, 88, -17.0
1.6927292346954346, 88, 3.0
1.698206901550293, 88, 3.0
1.705334186553955, 88, 3.0
1.710850715637207, 87, 24.5
1.718445062637329, 87, 4.5
1.7254889011383057, 87, 4.5
1.7313857078552246, 88, -17.0
1.7376554012298584, 88, 3.0
1.7454922199249268, 88, 3.0
1.756140947341919, 88, 3.0
1.7627477645874023, 87, 24.5
1.7699005603790283, 87, 4.5
1.7766542434692383, 87, 4.5
1.7835736274719238, 88, -17.0
1.7896966934204102, 88, 3.0
1.7960669994354248, 88, 3.0
1.8022136688232422, 88, 3.0
1.8080685138702393, 88, 3.0
1.8149948120117188, 87, 24.5
1.8218379020690918, 87, 4.5
1.828096628189087, 87, 4.5
1.8353960514068604, 88, -17.0
1.841240644454956, 88, 3.0
1.8484618663787842, 88, 3.0
1.8554728031158447, 88, 3.0
1.8613154888153076, 87, 24.5
1.8675973415374756, 87, 4.5
1.8755874633789062, 87, 4.5
1.8828704357147217, 88, -17.0
1.8884179592132568, 88, 3.0
1.8957104682922363, 88, 3.0
1.9015004634857178, 88, 3.0
1.9078006744384766, 87, 24.5
1.9149563312530518, 87, 4.5
1.9216704368591309, 87, 4.5
1.9280357360839844, 88, -17.0
1.935495376586914, 88, 3.0
1.9412589073181152, 88, 3.0
1.9482600688934326, 88, 3.0
1.9558484554290771, 87, 24.5
1.9616477489471436, 87, 4.5
1.9679279327392578, 87, 4.5
1.9757394790649414, 88, -17.0
1.981553554534912, 88, 3.0
1.9877781867980957, 88, 3.0
1.9945569038391113, 88, 3.0
2.000422239303589, 87, 24.5
2.0067481994628906, 87, 4.5
2.0136001110076904, 87, 4.5
2.0197553634643555, 88, -17.0
2.026942491531372, 88, 3.0
2.03377366065979, 88, 3.0
2.0398008823394775, 87, 24.5
2.0472636222839355, 87, 4.5
2.054086923599243, 87, 4.5
2.06010103225708, 88, -17.0
2.0665314197540283, 88, 3.0
2.0741467475891113, 88, 3.0
2.080245018005371, 87, 24.5
2.086623430252075, 87, 4.5
2.0934810638427734, 87, 4.5
2.099428653717041, 88, -17.0
2.105907917022705, 88, 3.0
2.111636161804199, 88, 3.0
2.1179802417755127, 87, 24.5
2.125901460647583, 87, 4.5
2.1316792964935303, 87, 4.5
2.138160228729248, 88, -17.0
2.14502215385437, 88, 3.0
2.1565780639648438, 88, 3.0
2.163485288619995, 87, 24.5
2.1695244312286377, 87, 4.5
2.1769819259643555, 87, 4.5
2.1839025020599365, 88, -17.0
2.190023422241211, 88, 3.0
2.1965525150299072, 88, 3.0
2.2034103870391846, 87, 24.5
2.208998441696167, 87, 4.5
2.21578311920166, 87, 4.5
2.221607208251953, 88, -17.0
2.2288436889648438, 88, 3.0
2.2357311248779297, 88, 3.0
2.2415547370910645, 87, 24.5
2.24888277053833, 87, 4.5
2.256193161010742, 87, 4.5
2.262859344482422, 88, -17.0
2.2684555053710938, 88, 3.0
2.2762537002563477, 88, 3.0
2.2827987670898438, 87, 24.5
2.2884140014648438, 87, 4.5
2.295473575592041, 87, 4.5
2.3013274669647217, 88, -17.0
2.3077890872955322, 88, 3.0
2.314918041229248, 88, 3.0
2.3206756114959717, 87, 24.5
2.328024387359619, 87, 4.5
2.334909200668335, 87, 4.5
2.3406858444213867, 88, -17.0
2.347949981689453, 88, 3.0
2.3552443981170654, 88, 3.0
2.360787868499756, 87, 24.5
2.367288827896118, 87, 4.5
2.373932123184204, 87, 4.5
2.3813204765319824, 88, -17.0
2.3875887393951416, 88, 3.0
2.3941214084625244, 88, 3.0
2.401693820953369, 87, 24.5
2.4080495834350586, 87, 4.5
2.4149296283721924, 87, 4.5
2.4206902980804443, 88, -17.0
2.4269659519195557, 88, 3.0
2.434954881668091, 88, 3.0
2.4406559467315674, 88, 3.0
2.4469571113586426, 87, 24.5
2.4565792083740234, 87, 4.5
2.4637062549591064, 88, -17.0
2.469672918319702, 88, 3.0
2.4760518074035645, 88, 3.0
2.4835784435272217, 88, 3.0
2.4894707202911377, 88, 3.0
2.4960951805114746, 87, 24.5
2.502711057662964, 87, 4.5
2.5082387924194336, 87, 4.5
2.515408992767334, 88, -17.0
2.5212602615356445, 88, 3.0
2.527512788772583, 88, 3.0
2.5353777408599854, 87, 24.5
2.541207790374756, 87, 4.5
2.547518730163574, 87, 4.5
2.5596747398376465, 88, -17.0
2.5665817260742188, 88, 3.0
2.573462724685669, 88, 3.0
2.5801947116851807, 87, 24.5
2.586777925491333, 87, 4.5
2.5935933589935303, 87, 4.5
2.599336624145508, 87, 4.5
2.605942964553833, 88, -17.0
2.6117606163024902, 88, 3.0
2.6181750297546387, 88, 3.0
2.6250009536743164, 88, 3.0
2.6322381496429443, 87, 24.5
2.6381566524505615, 87, 4.5
2.6450181007385254, 87, 4.5
2.6507859230041504, 88, -17.0
2.6580231189727783, 88, 3.0
2.665393114089966, 88, 3.0
2.671208143234253, 87, 24.5
2.67767333984375, 87, 4.5
2.6855902671813965, 87, 4.5
2.6914708614349365, 88, -17.0
2.700153350830078, 88, 3.0
2.7066609859466553, 87, 24.5
2.713547706604004, 87, 4.5
2.7199645042419434, 87, 4.5
2.7263636589050293, 87, 4.5
2.734041929244995, 88, -17.0
2.7401866912841797, 88, 3.0
2.746586561203003, 87, 24.5
2.7534003257751465, 87, 4.5
2.7604289054870605, 87, 4.5
2.7667081356048584, 87, 4.5
2.773693799972534, 88, -17.0
2.7796528339385986, 88, 3.0
2.786792755126953, 88, 3.0
2.7936933040618896, 87, 24.5
2.7998108863830566, 87, 4.5
2.8061819076538086, 87, 4.5
2.812803268432617, 88, -17.0
2.818394899368286, 88, 3.0
2.8256351947784424, 88, 3.0
2.8314764499664307, 87, 24.5
2.8387370109558105, 87, 4.5
2.845647096633911, 87, 4.5
2.851510763168335, 88, -17.0
2.85884952545166, 88, 3.0
2.8659627437591553, 88, 3.0
2.871785879135132, 87, 24.5
2.8790104389190674, 87, 4.5
2.8865861892700195, 87, 4.5
2.8933932781219482, 87, 4.5
2.8989615440368652, 88, -17.0
2.9057676792144775, 88, 3.0
2.912220001220703, 88, 3.0
2.9183907508850098, 87, 24.5
2.9254767894744873, 87, 4.5
2.931290864944458, 87, 4.5
2.93826961517334, 88, -17.0
2.9454188346862793, 88, 3.0
2.950934648513794, 88, 3.0
2.964056968688965, 87, 24.5
2.9701807498931885, 87, 4.5
2.9768173694610596, 87, 4.5
2.9837448596954346, 88, -17.0
2.9906840324401855, 88, 3.0
2.9969451427459717, 88, 3.0
3.0038301944732666, 87, 24.5
3.009805202484131, 87, 4.5
3.016171932220459, 87, 4.5
3.0227489471435547, 87, 4.5
3.0283854007720947, 88, -17.0
3.035642623901367, 88, 3.0
3.0429577827453613, 88, 3.0
3.048678398132324, 87, 24.5
3.0556395053863525, 87, 4.5
3.06339693069458, 87, 4.5
3.068995952606201, 88, -17.0
3.075834274291992, 88, 3.0
3.081540822982788, 88, 3.0
3.088892698287964, 87, 24.5
3.0959858894348145, 87, 4.5
3.1018521785736084, 87, 4.5
3.108191728591919, 88, -17.0
3.1152632236480713, 88, 3.0
3.1207504272460938, 88, 3.0
3.1270132064819336, 87, 24.5
3.133917808532715, 87, 4.5
3.140812397003174, 87, 4.5
3.1472694873809814, 87, 4.5
3.1539790630340576, 88, -17.0
3.161275625228882, 88, 3.0
3.1714582443237305, 87, 24.5
3.1779844760894775, 87, 4.5
3.1849284172058105, 87, 4.5
3.1917576789855957, 88, -17.0
3.1980788707733154, 88, 3.0
3.206254720687866, 88, 3.0
3.2128562927246094, 87, 24.5
3.2188236713409424, 87, 4.5
3.225771903991699, 87, 4.5
3.231630325317383, 88, -17.0
3.2380149364471436, 88, 3.0
3.2459025382995605, 88, 3.0
3.2517709732055664, 87, 24.5
3.260007858276367, 87, 4.5
3.2676656246185303, 87, 4.5
3.2752931118011475, 88, -17.0
3.280876874923706, 88, 3.0
3.2874093055725098, 88, 3.0
3.2953763008117676, 87, 24.5
3.301302433013916, 87, 4.5
3.307690143585205, 87, 4.5
3.3147404193878174, 88, -17.0
3.320563316345215, 88, 3.0
3.3268911838531494, 88, 3.0
3.333824634552002, 87, 24.5
3.340007781982422, 87, 4.5
3.347571849822998, 88, -17.0
3.354160785675049, 88, 3.0
3.3659310340881348, 88, 3.0
3.372814178466797, 87, 24.5
3.378732204437256, 87, 4.5
3.3858988285064697, 87, 4.5
3.392211675643921, 88, -17.0
3.3997249603271484, 88, 3.0
3.406137704849243, 88, 3.0
3.4128153324127197, 87, 24.5
3.4184324741363525, 87, 4.5
3.4255292415618896, 87, 4.5
3.4314169883728027, 87, 4.5
3.4377501010894775, 88, -17.0
3.4457788467407227, 88, 3.0
3.451568841934204, 88, 3.0
3.4581689834594727, 87, 24.5
3.4661355018615723, 87, 4.5
3.4730095863342285, 87, 4.5
3.478978157043457, 88, -17.0
3.486003875732422, 88, 3.0
3.4918315410614014, 88, 3.0
3.4994192123413086, 87, 24.5
3.5060806274414062, 87, 4.5
3.512709140777588, 87, 4.5
3.5186734199523926, 88, -17.0
3.525675058364868, 88, 3.0
3.5314741134643555, 88, 3.0
3.537797689437866, 87, 24.5
3.5446345806121826, 87, 4.5
3.5515589714050293, 87, 4.5
3.5580267906188965, 88, -17.0
3.5658609867095947, 88, 3.0
3.572252035140991, 88, 3.0
3.5784497261047363, 87, 24.5
3.585597276687622, 87, 4.5
3.5914113521575928, 87, 4.5
3.5987963676452637, 88, -17.0
3.6059601306915283, 88, 3.0
3.6118459701538086, 88, 3.0
3.618123769760132, 87, 24.5
3.625281810760498, 87, 4.5
3.6308438777923584, 87, 4.5
3.637550115585327, 88, -17.0
3.6441996097564697, 88, 3.0
3.651319742202759, 88, 3.0
3.65765643119812, 87, 24.5
3.6645281314849854, 87, 4.5
3.6715524196624756, 87, 4.5
3.6779725551605225, 88, -17.0
3.6849184036254883, 88, 3.0
3.6906721591949463, 88, 3.0
3.697484016418457, 87, 24.5
3.705500841140747, 87, 4.5
3.711369752883911, 87, 4.5
3.7177274227142334, 88, -17.0
3.7247352600097656, 88, 3.0
3.730531692504883, 88, 3.0
3.7372586727142334, 87, 24.5
3.7439465522766113, 87, 4.5
3.750844717025757, 87, 4.5
3.7613401412963867, 88, -17.0
3.768951177597046, 88, 3.0
3.7762653827667236, 87, 24.5
3.782909870147705, 87, 4.5
3.788795232772827, 87, 4.5
3.795764923095703, 87, 4.5
3.803302526473999, 88, -17.0
3.8088788986206055, 88, 3.0
3.8160033226013184, 87, 24.5
3.822303056716919, 87, 4.5
3.8282556533813477, 87, 4.5
3.83549165725708, 88, -17.0
3.8413641452789307, 88, 3.0
3.847658634185791, 88, 3.0
3.855577230453491, 87, 24.5
3.8614614009857178, 87, 4.5
3.8689661026000977, 87, 4.5
3.876373529434204, 88, -17.0
3.883989095687866, 88, 3.0
3.8899903297424316, 88, 3.0
3.8965015411376953, 87, 24.5
3.9047858715057373, 87, 4.5
3.9105632305145264, 87, 4.5
3.9169232845306396, 88, -17.0
3.9238550662994385, 88, 3.0
3.929806709289551, 88, 3.0
3.936288356781006, 88, 3.0
3.942883014678955, 87, 24.5
3.948439359664917, 87, 4.5
3.9562113285064697, 87, 4.5
3.9628238677978516, 88, -17.0
3.9696996212005615, 88, 3.0
3.9763376712799072, 88, 3.0
3.982954502105713, 87, 24.5
3.988651752471924, 87, 4.5
3.995760917663574, 87, 4.5
4.004799127578735, 88, -17.0
4.010580062866211, 88, 3.0
4.016893625259399, 87, 24.5
4.023767471313477, 87, 4.5
4.029752969741821, 87, 4.5
4.036203145980835, 87, 4.5
4.042747974395752, 87, 4.5
4.048410654067993, 88, -17.0
4.056509733200073, 88, 3.0
4.06337833404541, 87, 24.5
4.070848703384399, 87, 4.5
4.078139305114746, 87, 4.5
4.085523366928101, 87, 4.5
4.091445207595825, 88, -17.0
4.0977325439453125, 88, 3.0
4.104473829269409, 88, 3.0
4.111358642578125, 87, 24.5
4.117818355560303, 87, 4.5
4.12487268447876, 87, 4.5
4.130760908126831, 88, -17.0
4.137018442153931, 88, 3.0
4.143829345703125, 88, 3.0
4.14982008934021, 87, 24.5
4.161261796951294, 87, 4.5
4.167830228805542, 88, -17.0
4.175943374633789, 88, 3.0
4.182709455490112, 88, 3.0
4.188462257385254, 87, 24.5
4.1955108642578125, 87, 4.5
4.201375722885132, 87, 4.5
4.208714962005615, 88, -17.0
4.215660095214844, 88, 3.0
4.22142481803894, 88, 3.0
4.227715492248535, 87, 24.5
4.234769344329834, 87, 4.5
4.240538120269775, 87, 4.5
4.246914863586426, 88, -17.0
4.253769874572754, 88, 3.0
4.2607340812683105, 88, 3.0
4.267013788223267, 87, 24.5
4.2738847732543945, 87, 4.5
4.280789613723755, 87, 4.5
4.287301063537598, 88, -17.0
4.293923854827881, 88, 3.0
4.300023555755615, 88, 3.0
4.306425333023071, 87, 24.5
4.314084768295288, 87, 4.5
4.3200342655181885, 87, 4.5
4.326488971710205, 88, -17.0
4.3332929611206055, 88, 3.0
4.338756561279297, 88, 3.0
4.3456830978393555, 87, 24.5
4.351526260375977, 87, 4.5
4.357977628707886, 87, 4.5
4.365895986557007, 88, -17.0
4.371660947799683, 88, 3.0
4.378931999206543, 88, 3.0
4.386245250701904, 87, 24.5
4.39278244972229, 87, 4.5
4.3983776569366455, 87, 4.5
4.405366659164429, 87, 4.5
4.412247896194458, 88, -17.0
4.418392896652222, 88, 3.0
4.425394296646118, 88, 3.0
4.431204319000244, 87, 24.5
4.437505483627319, 87, 4.5
4.44401478767395, 87, 4.5
4.4549720287323, 88, -17.0
4.465576171875, 88, 3.0
4.478262901306152, 87, 24.5
4.492924451828003, 88, -17.0
4.5063841342926025, 88, 3.0
4.519701957702637, 88, 3.0
4.533356428146362, 87, 24.5
4.5466508865356445, 87, 4.5
4.563748359680176, 88, -17.0
4.576747894287109, 88, 3.0
4.593360900878906, 88, 3.0
4.600812911987305, 87, 24.5
4.607436656951904, 87, 4.5
4.6140456199646, 87, 4.5
4.620007514953613, 87, 4.5
4.626407623291016, 87, 4.5
4.633252143859863, 88, -17.0
4.649792194366455, 88, 3.0
4.660897254943848, 87, 24.5
4.668877363204956, 87, 4.5
4.675798416137695, 87, 4.5
4.683443784713745, 87, 4.5
4.689641237258911, 88, -17.0
4.696080207824707, 88, 3.0
4.7036497592926025, 88, 3.0
4.709472179412842, 88, 3.0
4.716054201126099, 88, 3.0
4.721848487854004, 88, 3.0
4.728071212768555, 87, 24.5
4.734963893890381, 87, 4.5
4.74071741104126, 87, 4.5
4.747009992599487, 88, -17.0
4.754912376403809, 88, 3.0
4.760618209838867, 88, 3.0
4.766926527023315, 87, 24.5
4.7738165855407715, 87, 4.5
4.780841112136841, 87, 4.5
4.787752628326416, 88, -17.0
4.794540166854858, 88, 3.0
4.803573369979858, 88, 3.0
4.80947470664978, 87, 24.5
4.815967798233032, 87, 4.5
4.8218042850494385, 87, 4.5
4.828094959259033, 88, -17.0
4.835381269454956, 88, 3.0
4.840908050537109, 88, 3.0
4.847432851791382, 87, 24.5
4.85526704788208, 87, 4.5
4.860792875289917, 87, 4.5
4.8673059940338135, 88, -17.0
4.873950719833374, 88, 3.0
4.883309602737427, 88, 3.0
4.890003204345703, 87, 24.5
4.896927356719971, 87, 4.5
4.904760360717773, 87, 4.5
4.910573244094849, 88, -17.0
4.917017221450806, 88, 3.0
4.92384934425354, 88, 3.0
4.929798603057861, 87, 24.5
4.936175584793091, 87, 4.5
4.942710876464844, 87, 4.5
4.948240280151367, 87, 4.5
4.9562225341796875, 88, -17.0
4.966552019119263, 88, 3.0
4.973390102386475, 87, 24.5
4.979304313659668, 87, 4.5
4.986737251281738, 87, 4.5
5.0045006275177, 87, 4.5
5.01026463508606, 88, -17.0
5.016793727874756, 88, 3.0
5.023575782775879, 88, 3.0
5.029463291168213, 87, 24.5
5.035958766937256, 87, 4.5
5.041724681854248, 87, 4.5
5.048142433166504, 87, 4.5
5.055983781814575, 88, -17.0
5.061844825744629, 88, 3.0
5.068051815032959, 88, 3.0
5.075310707092285, 87, 24.5
5.080875873565674, 87, 4.5
5.088219165802002, 87, 4.5
5.095629692077637, 88, -17.0
5.101447582244873, 88, 3.0
5.108614683151245, 88, 3.0
5.115577936172485, 87, 24.5
5.121424913406372, 87, 4.5
5.12768816947937, 87, 4.5
5.134772777557373, 88, -17.0
5.140564203262329, 88, 3.0
5.146793842315674, 88, 3.0
5.153637170791626, 87, 24.5
5.160463094711304, 87, 4.5
5.166767358779907, 87, 4.5
5.173663377761841, 88, -17.0
5.179778575897217, 88, 3.0
5.186126708984375, 88, 3.0
5.193862676620483, 87, 24.5
5.200053691864014, 87, 4.5
5.207515716552734, 87, 4.5
5.214129447937012, 88, -17.0
5.220088720321655, 88, 3.0
5.226464748382568, 88, 3.0
5.233288764953613, 87, 24.5
5.238796949386597, 87, 4.5
5.2457115650177, 87, 4.5
5.251558303833008, 88, -17.0
5.259284973144531, 88, 3.0
5.265942573547363, 87, 24.5
5.2718117237091064, 87, 4.5
5.278070688247681, 87, 4.5
5.2849977016448975, 87, 4.5
5.292279958724976, 88, -17.0
5.298536777496338, 88, 3.0
5.305694103240967, 87, 24.5
5.3134825229644775, 87, 4.5
5.3195130825042725, 87, 4.5
5.3260345458984375, 88, -17.0
5.3322365283966064, 88, 3.0
5.338115453720093, 88, 3.0
5.345006227493286, 88, 3.0
5.350804805755615, 87, 24.5
5.357287168502808, 87, 4.5
5.368668556213379, 88, -17.0
5.375856876373291, 88, 3.0
5.3815577030181885, 88, 3.0
5.388033151626587, 87, 24.5
5.396322011947632, 87, 4.5
5.402887344360352, 87, 4.5
5.409759283065796, 88, -17.0
5.416262149810791, 88, 3.0
5.4228010177612305, 88, 3.0
5.4284117221832275, 87, 24.5
5.436496257781982, 87, 4.5
5.44331169128418, 87, 4.5
5.448805809020996, 87, 4.5
5.455850839614868, 88, -17.0
5.463857889175415, 88, 3.0
5.469845533370972, 87, 24.5
5.476279020309448, 87, 4.5
5.482839345932007, 87, 4.5
5.488441228866577, 87, 4.5
5.496547698974609, 88, -17.0
5.5035316944122314, 88, 3.0
5.509329795837402, 87, 24.5
5.516652584075928, 87, 4.5
5.523460865020752, 87, 4.5
5.529268503189087, 88, -17.0
5.535870552062988, 88, 3.0
5.541603326797485, 88, 3.0
5.5478832721710205, 87, 24.5
5.554938554763794, 87, 4.5
5.561721086502075, 87, 4.5
5.568256616592407, 88, -17.0
5.575416088104248, 88, 3.0
5.580933570861816, 88, 3.0
5.587500333786011, 87, 24.5
5.595434904098511, 87, 4.5
5.601512670516968, 87, 4.5
5.609695672988892, 88, -17.0
5.61692214012146, 88, 3.0
5.62373161315918, 88, 3.0
5.629659175872803, 87, 24.5
5.636072635650635, 87, 4.5
5.6422505378723145, 87, 4.5
5.648157835006714, 87, 4.5
5.655285120010376, 88, -17.0
5.660815477371216, 88, 3.0
5.6679768562316895, 88, 3.0
5.6752588748931885, 87, 24.5
5.680805206298828, 87, 4.5
5.686981678009033, 87, 4.5
5.695926904678345, 88, -17.0
5.703582286834717, 88, 3.0
5.7097084522247314, 87, 24.5
5.716822147369385, 87, 4.5
5.723660945892334, 87, 4.5
5.729686260223389, 88, -17.0
5.736250162124634, 88, 3.0
5.7427966594696045, 88, 3.0
5.748389482498169, 87, 24.5
5.755487680435181, 87, 4.5
5.766319513320923, 87, 4.5
5.773011922836304, 88, -17.0
5.778852939605713, 88, 3.0
5.785956382751465, 88, 3.0
5.792206048965454, 87, 24.5
5.7996790409088135, 87, 4.5
5.80635929107666, 87, 4.5
5.812976121902466, 87, 4.5
5.8199379444122314, 88, -17.0
5.826639175415039, 88, 3.0
5.83339262008667, 88, 3.0
5.8388519287109375, 87, 24.5
5.8457841873168945, 87, 4.5
5.851539850234985, 87, 4.5
5.857993841171265, 87, 4.5
5.864901065826416, 88, -17.0
5.871772050857544, 88, 3.0
5.87896728515625, 88, 3.0
5.88587212562561, 87, 24.5
5.891645431518555, 87, 4.5
5.8979856967926025, 87, 4.5
5.905981540679932, 87, 4.5
5.911850214004517, 88, -17.0
5.9196789264678955, 88, 3.0
5.9261651039123535, 88, 3.0
5.932737350463867, 87, 24.5
5.938411235809326, 87, 4.5
5.945456504821777, 87, 4.5
5.951284885406494, 87, 4.5
5.957794189453125, 88, -17.0
5.964827537536621, 88, 3.0
5.971518039703369, 88, 3.0
5.977981090545654, 87, 24.5
5.984882116317749, 87, 4.5
5.990671634674072, 87, 4.5
5.997456789016724, 87, 4.5
6.0053863525390625, 88, -17.0
6.011466979980469, 88, 3.0
6.017698526382446, 88, 3.0
6.025530576705933, 87, 24.5
6.031344413757324, 87, 4.5
6.037790298461914, 87, 4.5
6.044605493545532, 87, 4.5
6.050510406494141, 88, -17.0
6.056800365447998, 88, 3.0
6.063573122024536, 88, 3.0
6.069473743438721, 87, 24.5
6.076742887496948, 87, 4.5
6.083598375320435, 87, 4.5
6.089752435684204, 88, -17.0
6.096310138702393, 88, 3.0
6.103851795196533, 88, 3.0
6.110033988952637, 87, 24.5
6.116445302963257, 87, 4.5
6.1240479946136475, 87, 4.5
6.130130052566528, 88, -17.0
6.136545896530151, 88, 3.0
6.14329981803894, 88, 3.0
6.148793697357178, 87, 24.5
6.15592098236084, 87, 4.5
6.161718845367432, 87, 4.5
6.173767328262329, 88, -17.0
6.179887771606445, 88, 3.0
6.18640398979187, 88, 3.0
6.193002462387085, 87, 24.5
6.198842287063599, 87, 4.5
6.2064502239227295, 87, 4.5
6.213523864746094, 87, 4.5
6.21968674659729, 88, -17.0
6.2268712520599365, 88, 3.0
6.233689785003662, 88, 3.0
6.239657402038574, 87, 24.5
6.2460737228393555, 87, 4.5
6.252329111099243, 87, 4.5
6.258213043212891, 87, 4.5
6.2653913497924805, 88, -17.0
6.270948648452759, 88, 3.0
6.278426647186279, 88, 3.0
6.285509824752808, 87, 24.5
6.291372537612915, 87, 4.5
6.2976233959198, 87, 4.5
6.305374622344971, 88, -17.0
6.311472654342651, 88, 3.0
6.317766189575195, 87, 24.5
6.325639963150024, 87, 4.5
6.3314714431762695, 87, 4.5
6.337965726852417, 88, -17.0
6.345275163650513, 88, 3.0
6.350812911987305, 87, 24.5
6.35727334022522, 87, 4.5
6.363884449005127, 87, 4.5
6.369882822036743, 88, -17.0
6.377305030822754, 88, 3.0
6.383989572525024, 87, 24.5
6.389978885650635, 87, 4.5
6.396519422531128, 87, 4.5
6.406304359436035, 88, -17.0
6.413957357406616, 88, 3.0
6.420146226882935, 87, 24.5
6.4277122020721436, 87, 4.5
6.43450665473938, 87, 4.5
6.4402196407318115, 87, 4.5
6.44669771194458, 88, -17.0
6.453517436981201, 88, 3.0
6.459665536880493, 88, 3.0
6.46612548828125, 87, 24.5
6.472712516784668, 87, 4.5
6.479774236679077, 87, 4.5
6.486311435699463, 88, -17.0
6.492882013320923, 88, 3.0
6.498382806777954, 88, 3.0
6.505429267883301, 87, 24.5
6.512797117233276, 87, 4.5
6.518881797790527, 87, 4.5
6.525888204574585, 88, -17.0
6.533437490463257, 88, 3.0
6.538966417312622, 88, 3.0
6.545784950256348, 87, 24.5
6.551594495773315, 87, 4.5
6.557890176773071, 87, 4.5
6.568209886550903, 87, 4.5
6.5756378173828125, 88, -17.0
6.583246469497681, 88, 3.0
6.588883638381958, 87, 24.5
6.595925807952881, 87, 4.5
6.601779222488403, 87, 4.5
6.60820460319519, 87, 4.5
6.616255760192871, 88, -17.0
6.622802495956421, 88, 3.0
6.628386497497559, 87, 24.5
6.636411428451538, 87, 4.5
6.642967939376831, 87, 4.5
6.648721933364868, 88, -17.0
6.655643463134766, 88, 3.0
6.661427974700928, 88, 3.0
6.66771936416626, 87, 24.5
6.674504995346069, 87, 4.5
6.681382417678833, 87, 4.5
6.687676191329956, 87, 4.5
6.694651365280151, 88, -17.0
6.700509786605835, 88, 3.0
6.706761598587036, 88, 3.0
6.714426040649414, 87, 24.5
6.720577955245972, 87, 4.5
6.726893424987793, 87, 4.5
6.734964370727539, 87, 4.5
6.740756273269653, 88, -17.0
6.747251510620117, 88, 3.0
6.7538533210754395, 88, 3.0
6.75999116897583, 87, 24.5
6.76642370223999, 87, 4.5
6.773241758346558, 87, 4.5
6.778722286224365, 87, 4.5
6.7865073680877686, 88, -17.0
6.793290376663208, 88, 3.0
6.798715114593506, 88, 3.0
6.805660724639893, 87, 24.5
6.812887668609619, 87, 4.5
6.818923473358154, 87, 4.5
6.825857400894165, 88, -17.0
6.831664323806763, 88, 3.0
6.838960409164429, 87, 24.5
6.845783948898315, 87, 4.5
6.851565361022949, 87, 4.5
6.8579113483428955, 88, -17.0
6.864997863769531, 88, 3.0
6.8706865310668945, 88, 3.0
6.87798547744751, 87, 24.5
6.88599967956543, 87, 4.5
6.8918092250823975, 87, 4.5
6.898141145706177, 88, -17.0
6.905009984970093, 88, 3.0
6.91071629524231, 88, 3.0
6.918093681335449, 87, 24.5
6.92498254776001, 87, 4.5
6.9307310581207275, 87, 4.5
6.938072204589844, 88, -17.0
6.945021867752075, 88, 3.0
6.950774669647217, 87, 24.5
6.957023859024048, 87, 4.5
6.963899850845337, 87, 4.5
6.9740283489227295, 88, -17.0
6.98016357421875, 88, 3.0
6.98764705657959, 87, 24.5
6.995363235473633, 87, 4.5
7.000901937484741, 87, 4.5
7.0075109004974365, 88, -17.0
7.015321254730225, 88, 3.0
7.0213494300842285, 88, 3.0
7.027675628662109, 87, 24.5
7.0344908237457275, 87, 4.5
7.041423559188843, 87, 4.5
7.047726631164551, 88, -17.0
7.05477499961853, 88, 3.0
7.060474157333374, 88, 3.0
7.066800117492676, 87, 24.5
7.07362699508667, 87, 4.5
7.079474210739136, 87, 4.5
7.085979223251343, 87, 4.5
7.093597173690796, 88, -17.0
7.099467754364014, 88, 3.0
7.105943202972412, 88, 3.0
7.111783504486084, 87, 24.5
7.119321346282959, 87, 4.5
7.1262829303741455, 87, 4.5
7.132928133010864, 88, -17.0
7.1398420333862305, 88, 3.0
7.146331548690796, 88, 3.0
7.1528849601745605, 87, 24.5
7.158463954925537, 87, 4.5
7.165517568588257, 87, 4.5
7.1713361740112305, 87, 4.5
7.177819728851318, 88, -17.0
7.184650421142578, 88, 3.0
7.191530227661133, 88, 3.0
7.197824001312256, 87, 24.5
7.206057071685791, 87, 4.5
7.212305307388306, 87, 4.5
7.220123767852783, 88, -17.0
7.2276930809021, 88, 3.0
7.234886884689331, 88, 3.0
7.241611003875732, 87, 24.5
7.247933387756348, 87, 4.5
7.255006313323975, 87, 4.5
7.2607433795928955, 87, 4.5
7.267253875732422, 88, -17.0
7.273895502090454, 88, 3.0
7.279805421829224, 88, 3.0
7.286200284957886, 87, 24.5
7.293725490570068, 87, 4.5
7.299813508987427, 87, 4.5
7.306241989135742, 88, -17.0
7.312841415405273, 88, 3.0
7.31837797164917, 88, 3.0
7.3261425495147705, 87, 24.5
7.332957029342651, 87, 4.5
7.338668346405029, 87, 4.5
7.346360445022583, 88, -17.0
7.352924585342407, 88, 3.0
7.358771324157715, 88, 3.0
7.365708351135254, 87, 24.5
7.376731872558594, 87, 4.5
7.383646726608276, 88, -17.0
7.389811038970947, 88, 3.0
7.3973002433776855, 88, 3.0
7.403897762298584, 88, 3.0
7.409805774688721, 88, 3.0
7.416330575942993, 87, 24.5
7.422951698303223, 87, 4.5
7.430108547210693, 87, 4.5
7.436574935913086, 88, -17.0
7.44450044631958, 88, 3.0
7.450257778167725, 87, 24.5
7.456731081008911, 87, 4.5
7.463598728179932, 87, 4.5
7.469445705413818, 87, 4.5
7.4761269092559814, 88, -17.0
7.4827282428741455, 88, 3.0
7.48838210105896, 87, 24.5
7.496150493621826, 87, 4.5
7.502341032028198, 87, 4.5
7.5083935260772705, 88, -17.0
7.51558256149292, 88, 3.0
7.52137303352356, 88, 3.0
7.528388738632202, 87, 24.5
7.5358593463897705, 87, 4.5
7.541628122329712, 87, 4.5
7.5489583015441895, 88, -17.0
7.555851936340332, 88, 3.0
7.561566591262817, 88, 3.0
7.567885637283325, 87, 24.5
7.574826717376709, 87, 4.5
7.58058500289917, 87, 4.5
7.586960792541504, 88, -17.0
7.593815088272095, 88, 3.0
7.600667953491211, 88, 3.0
7.606953382492065, 87, 24.5
7.613828420639038, 87, 4.5
7.619805097579956, 87, 4.5
7.626815557479858, 87, 4.5
7.634024620056152, 88, -17.0
7.639995574951172, 88, 3.0
7.647545337677002, 88, 3.0
7.654128313064575, 87, 24.5
7.6602699756622314, 87, 4.5
7.666624307632446, 87, 4.5
7.673452854156494, 87, 4.5
7.679324150085449, 88, -17.0
7.685856819152832, 88, 3.0
7.691663026809692, 88, 3.0
7.698994159698486, 87, 24.5
7.7059478759765625, 87, 4.5
7.711730003356934, 87, 4.5
7.718135833740234, 87, 4.5
7.725315093994141, 88, -17.0
7.73292350769043, 88, 3.0
7.738724231719971, 87, 24.5
7.745692253112793, 87, 4.5
7.753343343734741, 87, 4.5
7.758798360824585, 87, 4.5
7.7657811641693115, 87, 4.5
7.776980638504028, 88, -17.0
7.783833980560303, 88, 3.0
7.789961338043213, 87, 24.5
7.796520948410034, 87, 4.5
7.804069757461548, 87, 4.5
7.810043573379517, 87, 4.5
7.816533088684082, 88, -17.0
7.823368310928345, 88, 3.0
7.82994818687439, 88, 3.0
7.836798429489136, 87, 24.5
7.843656539916992, 87, 4.5
7.850535869598389, 87, 4.5
7.8568596839904785, 88, -17.0
7.863659620285034, 88, 3.0
7.869476795196533, 88, 3.0
7.875997304916382, 87, 24.5
7.883509874343872, 87, 4.5
7.889599800109863, 87, 4.5
7.89622950553894, 88, -17.0
7.903809547424316, 88, 3.0
7.909907341003418, 88, 3.0
7.916298866271973, 87, 24.5
7.922861814498901, 87, 4.5
7.929703235626221, 87, 4.5
7.936386585235596, 87, 4.5
7.943017959594727, 88, -17.0
7.948707580566406, 88, 3.0
7.956506252288818, 88, 3.0
7.963291168212891, 87, 24.5
7.968776702880859, 87, 4.5
7.975664377212524, 87, 4.5
7.981528043746948, 88, -17.0
7.988159894943237, 88, 3.0
7.994983434677124, 88, 3.0
8.00177550315857, 87, 24.5
8.009928703308105, 87, 4.5
8.016616582870483, 87, 4.5
8.023487091064453, 88, -17.0
8.031221389770508, 88, 3.0
8.038658380508423, 88, 3.0
8.045848608016968, 87, 24.5
8.051637172698975, 87, 4.5
8.058801651000977, 87, 4.5
8.06574535369873, 87, 4.5
8.071598768234253, 88, -17.0
8.078064441680908, 88, 3.0
8.084929466247559, 88, 3.0
8.090683460235596, 87, 24.5
8.09697937965393, 87, 4.5
8.104791402816772, 87, 4.5
8.110552787780762, 87, 4.5
8.11691927909851, 88, -17.0
8.123780250549316, 88, 3.0
8.129708528518677, 88, 3.0
8.136898040771484, 87, 24.5
8.144009113311768, 87, 4.5
8.149973154067993, 87, 4.5
8.157444953918457, 87, 4.5
8.16404914855957, 88, -17.0
8.174819946289062, 88, 3.0
8.180603265762329, 87, 24.5
8.187297582626343, 87, 4.5
8.193912029266357, 87, 4.5
8.20012354850769, 87, 4.5
8.207721710205078, 88, -17.0
8.2145836353302, 88, 3.0
8.220311164855957, 88, 3.0
8.22664999961853, 87, 24.5
8.233527898788452, 87, 4.5
8.24012041091919, 87, 4.5
8.246727466583252, 87, 4.5
8.253657817840576, 88, -17.0
8.260746717453003, 88, 3.0
8.267256259918213, 87, 24.5
8.273914337158203, 87, 4.5
8.279911279678345, 87, 4.5
8.28634262084961, 87, 4.5
8.292917728424072, 87, 4.5
8.29880404472351, 88, -17.0
8.30574917793274, 88, 3.0
8.313472509384155, 87, 24.5
8.319533586502075, 87, 4.5
8.326017618179321, 87, 4.5
8.331844568252563, 87, 4.5
8.339468717575073, 87, 4.5
8.346267461776733, 88, -17.0
8.352851390838623, 88, 3.0
8.359758615493774, 87, 24.5
8.366276979446411, 87, 4.5
8.372849702835083, 87, 4.5
8.378763198852539, 88, -17.0
8.385697603225708, 88, 3.0
8.39151906967163, 87, 24.5
8.397825956344604, 87, 4.5
8.404621124267578, 87, 4.5
8.411633491516113, 88, -17.0
8.417967557907104, 88, 3.0
8.425228834152222, 87, 24.5
8.430780172348022, 87, 4.5
8.438246726989746, 87, 4.5
8.445653200149536, 88, -17.0
8.45450472831726, 88, 3.0
8.461381196975708, 87, 24.5
8.470547437667847, 87, 4.5
8.477007627487183, 88, -17.0
8.483850717544556, 88, 3.0
8.490248918533325, 88, 3.0
8.496742010116577, 88, 3.0
8.503607749938965, 87, 24.5
8.510234832763672, 87, 4.5
8.516661882400513, 87, 4.5
8.523555994033813, 88, -17.0
8.529750108718872, 88, 3.0
8.536080360412598, 88, 3.0
8.543925046920776, 87, 24.5
8.549926042556763, 87, 4.5
8.556503534317017, 87, 4.5
8.564176559448242, 87, 4.5
8.570192098617554, 88, -17.0
8.58151364326477, 88, 3.0
8.587945699691772, 87, 24.5
8.595249652862549, 87, 4.5
8.600765466690063, 87, 4.5
8.607369184494019, 87, 4.5
8.615439891815186, 87, 4.5
8.621346950531006, 88, -17.0
8.627650022506714, 88, 3.0
8.634179592132568, 88, 3.0
8.641274452209473, 87, 24.5
8.647788524627686, 87, 4.5
8.654611587524414, 87, 4.5
8.660531520843506, 88, -17.0
8.667864322662354, 88, 3.0
8.67485785484314, 88, 3.0
8.680655241012573, 87, 24.5
8.687348365783691, 87, 4.5
8.693943738937378, 87, 4.5
8.699906349182129, 87, 4.5
8.706338167190552, 88, -17.0
8.713889122009277, 88, 3.0
8.719831466674805, 88, 3.0
8.7262442111969, 87, 24.5
8.73279356956482, 87, 4.5
8.738669633865356, 87, 4.5
8.746465921401978, 87, 4.5
8.7532958984375, 88, -17.0
8.758754014968872, 88, 3.0
8.76648473739624, 87, 24.5
8.77327299118042, 87, 4.5
8.778734922409058, 87, 4.5
8.785640716552734, 87, 4.5
8.791491508483887, 88, -17.0
8.797985792160034, 88, 3.0
8.804865837097168, 87, 24.5
8.812883615493774, 87, 4.5
8.819852113723755, 87, 4.5
8.826456546783447, 88, -17.0
8.833280086517334, 88, 3.0
8.838726043701172, 88, 3.0
8.848012447357178, 87, 24.5
8.855642557144165, 87, 4.5
8.861429452896118, 87, 4.5
8.868773460388184, 88, -17.0
8.875682353973389, 88, 3.0
8.882877111434937, 88, 3.0
8.88842511177063, 87, 24.5
8.895513772964478, 87, 4.5
8.901321649551392, 87, 4.5
8.907690048217773, 87, 4.5
8.914795160293579, 88, -17.0
8.921647310256958, 88, 3.0
8.927940845489502, 87, 24.5
8.934892416000366, 87, 4.5
8.940641641616821, 87, 4.5
8.948051929473877, 87, 4.5
8.955501556396484, 88, -17.0
8.961335897445679, 88, 3.0
8.968673467636108, 87, 24.5
8.979970932006836, 87, 4.5
8.986634492874146, 88, -17.0
8.993491172790527, 88, 3.0
8.999506711959839, 88, 3.0
9.006325483322144, 88, 3.0
9.012855052947998, 88, 3.0
9.01975703239441, 87, 24.5
9.026275873184204, 87, 4.5
9.032815933227539, 87, 4.5
9.0386962890625, 88, -17.0
9.046367645263672, 88, 3.0
9.053401708602905, 88, 3.0
9.058873414993286, 87, 24.5
9.0657799243927, 87, 4.5
9.073291540145874, 87, 4.5
9.078968048095703, 88, -17.0
9.085880994796753, 88, 3.0
9.091618537902832, 88, 3.0
9.09806203842163, 87, 24.5
9.105002164840698, 87, 4.5
9.110734462738037, 87, 4.5
9.117253065109253, 88, -17.0
9.124882459640503, 88, 3.0
9.13068151473999, 88, 3.0
9.136945724487305, 87, 24.5
9.143835067749023, 87, 4.5
9.150610208511353, 87, 4.5
9.157518863677979, 87, 4.5
9.164089679718018, 88, -17.0
9.170907258987427, 88, 3.0
9.177462100982666, 87, 24.5
9.184061050415039, 87, 4.5
9.190011739730835, 87, 4.5
9.196377754211426, 87, 4.5
9.203004837036133, 88, -17.0
9.208848714828491, 88, 3.0
9.215970754623413, 87, 24.5
9.223649263381958, 87, 4.5
9.22950553894043, 87, 4.5
9.235989332199097, 87, 4.5
9.242261171340942, 88, -17.0
9.249468326568604, 88, 3.0
9.256245613098145, 87, 24.5
9.262818098068237, 87, 4.5
9.2683846950531, 87, 4.5
9.276328086853027, 87, 4.5
9.282929420471191, 88, -17.0
9.28877592086792, 88, 3.0
9.295676946640015, 87, 24.5
9.301533222198486, 87, 4.5
9.307868480682373, 87, 4.5
9.314767599105835, 87, 4.5
9.32056999206543, 88, -17.0
9.327884912490845, 88, 3.0
9.33522653579712, 87, 24.5
9.34079098701477, 87, 4.5
9.34784984588623, 87, 4.5
9.355005502700806, 87, 4.5
9.360807418823242, 88, -17.0
9.367259979248047, 88, 3.0
9.378258228302002, 87, 24.5
9.385573148727417, 87, 4.5
9.39143967628479, 88, -17.0
9.39792275428772, 88, 3.0
9.404948472976685, 88, 3.0
9.41068410873413, 88, 3.0
9.416967868804932, 87, 24.5
9.42387580871582, 87, 4.5
9.430694341659546, 87, 4.5
9.436993598937988, 88, -17.0
9.443867206573486, 88, 3.0
9.455999612808228, 87, 24.5
9.462247133255005, 87, 4.5
9.468441009521484, 87, 4.5
9.47553014755249, 88, -17.0
9.490819692611694, 87, 24.5
9.504599332809448, 87, 4.5
9.518917322158813, 87, 4.5
9.535500288009644, 88, -17.0
9.54502010345459, 88, 3.0
9.560877323150635, 87, 24.5
9.575926065444946, 87, 4.5
9.588093996047974, 88, -17.0
9.602946758270264, 88, 3.0
9.611342906951904, 88, 3.0
9.617578268051147, 88, 3.0
9.624149560928345, 87, 24.5
9.630141973495483, 87, 4.5
9.636719226837158, 87, 4.5
9.643550872802734, 87, 4.5
9.663491010665894, 88, -17.0
9.675663948059082, 88, 3.0
9.681623935699463, 87, 24.5
9.688162088394165, 87, 4.5
9.695431470870972, 87, 4.5
9.701220750808716, 87, 4.5
9.708142280578613, 87, 4.5
9.71529221534729, 88, -17.0
9.720812797546387, 88, 3.0
9.727421998977661, 88, 3.0
9.733983039855957, 88, 3.0
9.739906311035156, 88, 3.0
9.746352434158325, 87, 24.5
9.755016803741455, 87, 4.5
9.761413335800171, 88, -17.0
9.767670392990112, 88, 3.0
9.774414539337158, 88, 3.0
9.785021305084229, 87, 24.5
9.790763139724731, 87, 4.5
9.797447204589844, 87, 4.5
9.804048776626587, 88, -17.0
9.81128454208374, 88, 3.0
9.817669153213501, 88, 3.0
9.824487686157227, 87, 24.5
9.830252408981323, 87, 4.5
9.836594581604004, 87, 4.5
9.843400716781616, 87, 4.5
9.849015712738037, 88, -17.0
9.85779094696045, 88, 3.0
9.864831686019897, 88, 3.0
9.870608806610107, 87, 24.5
9.877301931381226, 87, 4.5
9.884909391403198, 87, 4.5
9.890646696090698, 87, 4.5
9.896997213363647, 88, -17.0
9.90386152267456, 88, 3.0
9.9106605052948, 88, 3.0
9.916934728622437, 87, 24.5
9.923831462860107, 87, 4.5
9.929798603057861, 87, 4.5
9.936434268951416, 87, 4.5
9.943317651748657, 88, -17.0
9.94880199432373, 88, 3.0
9.956451654434204, 87, 24.5
9.964556217193604, 87, 4.5
9.97044324874878, 87, 4.5
9.976815223693848, 88, -17.0
9.983654975891113, 88, 3.0
9.997922658920288, 87, 24.5
10.004826784133911, 87, 4.5
