0.03673291206359863, 1, 100
0.05671358108520508, 13, 100
0.07374787330627441, 25, 100
0.08315539360046387, 35, 100
0.09180498123168945, 41, 100
0.10079407691955566, 49, 72.20000000000002
0.10995626449584961, 55, 75.4
0.11952781677246094, 64, -19.400000000000006
0.1565544605255127, 77, -100
0.17779541015625, 95, -100
0.20774316787719727, 101, -100
0.23338961601257324, 100, -33.400000000000006
0.2578470706939697, 91, 100
0.28385162353515625, 83, 100
0.3327817916870117, 81, 78.19999999999999
0.3593709468841553, 93, -100
0.3693864345550537, 103, -100
0.37947678565979004, 108, -100
0.3887193202972412, 112, -100
0.3976576328277588, 115, -100
0.4065127372741699, 117, -100
0.41533994674682617, 117, -100
0.42362427711486816, 117, -100
0.43344855308532715, 117, -100
0.44249558448791504, 115, -91.80000000000001
0.45157861709594727, 113, -81.80000000000001
0.46079301834106445, 110, -50.2
0.471221923828125, 106, -13.600000000000009
0.48183417320251465, 101, 28.0
0.4911797046661377, 97, 31.39999999999999
0.5000743865966797, 93, 51.39999999999999
0.5094764232635498, 91, 28.199999999999996
0.5189087390899658, 90, 16.599999999999998
0.529055118560791, 89, 21.599999999999998
0.5386888980865479, 89, 5.0
0.552039384841919, 90, -16.599999999999998
0.561556339263916, 93, -64.8
0.5719752311706543, 94, -36.599999999999994
0.5830292701721191, 96, -63.199999999999996
0.5920290946960449, 97, -51.599999999999994
0.6015069484710693, 97, -35.0
0.6106476783752441, 96, -13.400000000000002
0.6198544502258301, 94, 13.199999999999996
0.6300344467163086, 91, 44.8
0.6395161151885986, 89, 38.199999999999996
0.6489250659942627, 88, 26.599999999999998
0.658496618270874, 87, 31.599999999999998
0.6686961650848389, 87, 15.0
0.6779928207397461, 87, 15.0
0.6884949207305908, 89, -28.199999999999996
0.6994655132293701, 91, -38.199999999999996
0.7088789939880371, 93, -48.199999999999996
0.7184574604034424, 94, -36.599999999999994
0.727802038192749, 94, -20.0
0.7379672527313232, 94, -20.0
0.7474057674407959, 93, 1.5999999999999979
0.7565300464630127, 91, 28.199999999999996
0.7656223773956299, 89, 38.199999999999996
0.7757642269134521, 87, 48.199999999999996
0.786665678024292, 87, 15.0
0.7975425720214844, 87, 15.0
0.8066587448120117, 87, 15.0
0.8156700134277344, 89, -28.199999999999996
0.824713945388794, 91, -38.199999999999996
0.8347339630126953, 92, -26.599999999999998
0.8436136245727539, 93, -31.599999999999998
0.8528285026550293, 94, -36.599999999999994
0.8623943328857422, 93, 1.5999999999999979
0.8733453750610352, 92, 6.599999999999998
0.883587121963501, 91, 11.599999999999998
0.8940291404724121, 89, 38.199999999999996
0.9034581184387207, 88, 26.599999999999998
0.9127504825592041, 88, 10.0
0.921644926071167, 88, 10.0
0.9307200908660889, 89, -11.599999999999998
0.9409732818603516, 89, 5.0
0.953920841217041, 91, -38.199999999999996
0.9634599685668945, 92, -26.599999999999998
0.973057746887207, 93, -31.599999999999998
0.9832727909088135, 93, -15.0
0.9936215877532959, 92, 6.599999999999998
1.0027599334716797, 91, 11.599999999999998
1.0117366313934326, 90, 16.599999999999998
1.0213162899017334, 89, 21.599999999999998
1.0305097103118896, 88, 26.599999999999998
1.0406992435455322, 87, 31.599999999999998
1.0499019622802734, 87, 15.0
1.059277057647705, 88, -6.599999999999998
1.0687255859375, 89, -11.599999999999998
1.079071283340454, 91, -38.199999999999996
1.089515209197998, 92, -26.599999999999998
1.0989370346069336, 93, -31.599999999999998
1.1080982685089111, 92, 6.599999999999998
1.117690086364746, 91, 11.599999999999998
1.1278560161590576, 89, 38.199999999999996
1.1374917030334473, 89, 5.0
1.1476120948791504, 88, 26.599999999999998
1.1567366123199463, 87, 31.599999999999998
1.1659398078918457, 88, -6.599999999999998
1.1752638816833496, 89, -11.599999999999998
1.1853699684143066, 90, -16.599999999999998
1.1958019733428955, 91, -21.599999999999998
1.205359935760498, 91, -5.0
1.213470697402954, 92, -26.599999999999998
1.2227306365966797, 92, -10.0
1.231595516204834, 91, 11.599999999999998
1.2418153285980225, 91, -5.0
1.251244068145752, 89, 38.199999999999996
1.2605080604553223, 89, 5.0
1.2699284553527832, 89, 5.0
1.279278039932251, 89, 5.0
1.2896041870117188, 89, 5.0
1.2996323108673096, 90, -16.599999999999998
1.3090767860412598, 91, -21.599999999999998
1.3186752796173096, 91, -5.0
1.3277623653411865, 91, -5.0
1.3370463848114014, 91, -5.0
1.3471810817718506, 91, -5.0
1.3598880767822266, 91, -5.0
1.3693978786468506, 90, 16.599999999999998
1.3791825771331787, 89, 21.599999999999998
1.3895518779754639, 89, 5.0
1.399796724319458, 88, 26.599999999999998
1.4092934131622314, 88, 10.0
1.4186029434204102, 89, -11.599999999999998
1.4277243614196777, 89, 5.0
1.437185287475586, 90, -16.599999999999998
1.447509765625, 91, -21.599999999999998
1.4566240310668945, 92, -26.599999999999998
1.4658153057098389, 93, -31.599999999999998
1.475196361541748, 92, 6.599999999999998
1.485184669494629, 91, 11.599999999999998
1.4955558776855469, 90, 16.599999999999998
1.5043752193450928, 89, 21.599999999999998
1.5136258602142334, 89, 5.0
1.5227856636047363, 89, 5.0
1.53167724609375, 89, 5.0
1.5407366752624512, 90, -16.599999999999998
1.5510642528533936, 91, -21.599999999999998
1.5603907108306885, 91, -5.0
1.5837948322296143, 92, -26.599999999999998
1.6204357147216797, 91, 11.599999999999998
1.642313003540039, 86, 100
1.6598472595214844, 81, 100
1.679358959197998, 82, 23.400000000000002
1.7195699214935303, 87, -68.0
1.7579154968261719, 94, -100
1.7927672863006592, 92, 23.199999999999996
1.8191115856170654, 80, 100
1.8339219093322754, 75, 100
1.8533673286437988, 75, 75.0
1.8717069625854492, 79, -11.399999999999991
1.8872623443603516, 86, -96.19999999999999
1.8976819515228271, 90, -66.39999999999999
1.9070467948913574, 92, -43.199999999999996
1.916076898574829, 94, -53.199999999999996
1.9375255107879639, 94, -20.0
1.9511959552764893, 93, 1.5999999999999979
1.9601013660430908, 90, 49.8
1.9695560932159424, 87, 64.8
1.9791333675384521, 85, 58.199999999999996
1.9903905391693115, 84, 46.599999999999994
1.9997785091400146, 84, 30.0
2.0091936588287354, 85, 8.400000000000002
2.0186049938201904, 85, 25.0
2.02785587310791, 88, -39.8
2.03847336769104, 90, -33.199999999999996
2.0476572513580322, 93, -64.8
2.0569632053375244, 94, -36.599999999999994
2.0659291744232178, 95, -41.599999999999994
2.075348377227783, 95, -25.0
2.0852105617523193, 95, -25.0
2.095351219177246, 93, 18.199999999999996
2.104809522628784, 91, 28.199999999999996
2.1134727001190186, 89, 38.199999999999996
2.123737335205078, 87, 48.199999999999996
2.133845567703247, 86, 36.599999999999994
2.1432056427001953, 85, 41.599999999999994
2.157315969467163, 86, 3.400000000000002
2.166445255279541, 87, -1.5999999999999979
2.1757776737213135, 89, -28.199999999999996
2.1863865852355957, 92, -59.8
2.1966285705566406, 94, -53.199999999999996
2.2059850692749023, 95, -41.599999999999994
2.215399980545044, 95, -25.0
2.2237465381622314, 95, -25.0
2.232990026473999, 94, -3.400000000000002
2.2430038452148438, 92, 23.199999999999996
2.252047061920166, 89, 54.8
2.261376142501831, 87, 48.199999999999996
2.2705819606781006, 85, 58.199999999999996
2.279913902282715, 84, 46.599999999999994
2.290552854537964, 84, 30.0
2.3010478019714355, 85, 8.400000000000002
2.3099536895751953, 86, 3.400000000000002
2.3193795680999756, 88, -23.199999999999996
2.3288087844848633, 90, -33.199999999999996
2.339099168777466, 93, -64.8
2.348585844039917, 94, -36.599999999999994
2.3577518463134766, 95, -41.599999999999994
2.3670711517333984, 95, -25.0
2.3759868144989014, 95, -25.0
2.3853442668914795, 93, 18.199999999999996
2.3988425731658936, 91, 28.199999999999996
2.4090824127197266, 89, 38.199999999999996
2.4188923835754395, 87, 48.199999999999996
2.4280173778533936, 87, 15.0
2.437405586242676, 86, 36.599999999999994
2.4476723670959473, 87, -1.5999999999999979
2.4572627544403076, 88, -6.599999999999998
2.4660985469818115, 90, -33.199999999999996
2.475534677505493, 91, -21.599999999999998
2.4838314056396484, 93, -48.199999999999996
2.494007110595703, 93, -15.0
2.5040667057037354, 93, -15.0
2.513603687286377, 92, 6.599999999999998
2.5230419635772705, 91, 11.599999999999998
2.532317876815796, 89, 38.199999999999996
2.5428130626678467, 88, 26.599999999999998
2.5566647052764893, 87, 31.599999999999998
2.5659892559051514, 87, 15.0
2.575465440750122, 89, -28.199999999999996
2.5839943885803223, 90, -16.599999999999998
2.594743490219116, 91, -21.599999999999998
2.6047396659851074, 93, -48.199999999999996
2.6137428283691406, 93, -15.0
2.62300181388855, 93, -15.0
2.6318557262420654, 92, 6.599999999999998
2.641430139541626, 91, 11.599999999999998
2.6516311168670654, 89, 38.199999999999996
2.6609086990356445, 87, 48.199999999999996
2.6699166297912598, 86, 36.599999999999994
2.679506540298462, 86, 20.0
2.6888837814331055, 87, -1.5999999999999979
2.7059669494628906, 88, -6.599999999999998
2.7155425548553467, 91, -54.8
2.725205421447754, 93, -48.199999999999996
2.733452320098877, 93, -15.0
2.742647647857666, 93, -15.0
2.7527668476104736, 92, 6.599999999999998
2.762026309967041, 91, 11.599999999999998
2.771306037902832, 89, 38.199999999999996
2.7804949283599854, 88, 26.599999999999998
2.7896342277526855, 87, 31.599999999999998
2.799814224243164, 87, 15.0
2.8101115226745605, 87, 15.0
2.819873332977295, 88, -6.599999999999998
2.829329252243042, 89, -11.599999999999998
2.8387742042541504, 91, -38.199999999999996
2.8489816188812256, 93, -48.199999999999996
2.8583908081054688, 93, -15.0
2.867558002471924, 93, -15.0
2.8766138553619385, 93, -15.0
2.8858439922332764, 91, 28.199999999999996
2.895282506942749, 90, 16.599999999999998
2.905900001525879, 88, 43.199999999999996
2.9155311584472656, 87, 31.599999999999998
2.9238243103027344, 87, 15.0
2.9330625534057617, 87, 15.0
2.94242262840271, 89, -28.199999999999996
2.9526748657226562, 90, -16.599999999999998
2.9675092697143555, 92, -43.199999999999996
2.9766392707824707, 93, -31.599999999999998
2.985960006713867, 93, -15.0
2.9954166412353516, 92, 6.599999999999998
3.0056052207946777, 91, 11.599999999999998
3.01605486869812, 89, 38.199999999999996
3.025486707687378, 88, 26.599999999999998
3.033776044845581, 87, 31.599999999999998
3.043041467666626, 87, 15.0
3.0532515048980713, 87, 15.0
3.0625758171081543, 89, -28.199999999999996
3.071729898452759, 90, -16.599999999999998
3.0810678005218506, 91, -21.599999999999998
3.0900330543518066, 92, -26.599999999999998
3.1004934310913086, 93, -31.599999999999998
3.110670328140259, 92, 6.599999999999998
3.121375322341919, 91, 11.599999999999998
3.130539655685425, 89, 38.199999999999996
3.1396875381469727, 88, 26.599999999999998
3.1491000652313232, 87, 31.599999999999998
3.1593306064605713, 88, -6.599999999999998
3.1687490940093994, 89, -11.599999999999998
3.1779849529266357, 89, 5.0
3.187286376953125, 91, -38.199999999999996
3.1984243392944336, 91, -5.0
3.209981679916382, 92, -26.599999999999998
3.220512866973877, 92, -10.0
3.229738235473633, 91, 11.599999999999998
3.2393782138824463, 90, 16.599999999999998
3.2488067150115967, 89, 21.599999999999998
3.2588894367218018, 89, 5.0
3.2679359912872314, 89, 5.0
3.2773115634918213, 89, 5.0
3.28609561920166, 90, -16.599999999999998
3.295518159866333, 91, -21.599999999999998
3.305680513381958, 91, -5.0
3.3156847953796387, 91, -5.0
3.3248157501220703, 91, -5.0
3.333439588546753, 91, -5.0
3.342564344406128, 91, -5.0
3.3514561653137207, 91, -5.0
3.366027593612671, 89, 38.199999999999996
3.3755624294281006, 89, 5.0
3.383957624435425, 88, 26.599999999999998
3.3933894634246826, 88, 10.0
3.4025704860687256, 88, 10.0
3.4125120639801025, 89, -11.599999999999998
3.4230337142944336, 90, -16.599999999999998
3.4320342540740967, 91, -21.599999999999998
3.4413809776306152, 91, -5.0
3.4504902362823486, 92, -26.599999999999998
3.4609532356262207, 92, -10.0
3.4699363708496094, 91, 11.599999999999998
3.47951602935791, 90, 16.599999999999998
3.4890389442443848, 89, 21.599999999999998
3.498501777648926, 89, 5.0
3.5086240768432617, 88, 26.599999999999998
3.5186922550201416, 88, 10.0
3.527998208999634, 89, -11.599999999999998
3.5375816822052, 90, -16.599999999999998
3.546722412109375, 91, -21.599999999999998
3.5559170246124268, 91, -5.0
3.5660831928253174, 91, -5.0
3.575434446334839, 91, -5.0
3.58357572555542, 91, -5.0
3.592796564102173, 91, -5.0
3.6018292903900146, 90, 16.599999999999998
3.6126933097839355, 89, 21.599999999999998
3.622776746749878, 88, 26.599999999999998
3.6320412158966064, 88, 10.0
3.6412572860717773, 88, 10.0
3.650076389312744, 89, -11.599999999999998
3.6607437133789062, 90, -16.599999999999998
3.669905662536621, 91, -21.599999999999998
3.679311513900757, 91, -5.0
3.6887173652648926, 92, -26.599999999999998
3.6979355812072754, 91, 11.599999999999998
3.7073488235473633, 91, -5.0
3.7186756134033203, 90, 16.599999999999998
3.7283711433410645, 89, 21.599999999999998
3.7375593185424805, 89, 5.0
3.7465970516204834, 89, 5.0
3.755621910095215, 89, 5.0
3.769395351409912, 90, -16.599999999999998
3.7790091037750244, 90, 0.0
3.7884042263031006, 91, -21.599999999999998
3.797607421875, 91, -5.0
3.8066389560699463, 91, -5.0
3.816715717315674, 91, -5.0
3.8271799087524414, 91, -5.0
3.8360610008239746, 91, -5.0
3.8455111980438232, 89, 38.199999999999996
3.8539884090423584, 89, 5.0
3.8640594482421875, 88, 26.599999999999998
3.8733909130096436, 88, 10.0
3.8826026916503906, 88, 10.0
3.8915491104125977, 89, -11.599999999999998
3.9009828567504883, 89, 5.0
3.9099466800689697, 90, -16.599999999999998
3.9214565753936768, 91, -21.599999999999998
3.9309656620025635, 91, -5.0
3.9399096965789795, 92, -26.599999999999998
3.9493319988250732, 91, 11.599999999999998
3.958918571472168, 91, -5.0
3.969025135040283, 90, 16.599999999999998
3.978654146194458, 89, 21.599999999999998
3.9878156185150146, 89, 5.0
3.9985435009002686, 89, 5.0
4.007619857788086, 89, 5.0
4.017815113067627, 89, 5.0
4.029618501663208, 90, -16.599999999999998
4.0393126010894775, 91, -21.599999999999998
4.048740863800049, 92, -26.599999999999998
4.0578742027282715, 92, -10.0
4.068050146102905, 92, -10.0
4.077539920806885, 91, 11.599999999999998
4.086670160293579, 90, 16.599999999999998
4.09583044052124, 89, 21.599999999999998
4.105190992355347, 89, 5.0
4.113454103469849, 88, 26.599999999999998
4.126070976257324, 89, -11.599999999999998
4.135615825653076, 89, 5.0
4.14408540725708, 91, -38.199999999999996
4.153314113616943, 91, -5.0
4.167294502258301, 91, -5.0
4.1775407791137695, 91, -5.0
4.186539888381958, 91, -5.0
4.195667028427124, 90, 16.599999999999998
4.2052388191223145, 89, 21.599999999999998
4.213403224945068, 89, 5.0
4.224690675735474, 89, 5.0
4.2336461544036865, 89, 5.0
4.243002653121948, 89, 5.0
4.2518463134765625, 89, 5.0
4.2612245082855225, 90, -16.599999999999998
4.271487712860107, 91, -21.599999999999998
4.280637264251709, 92, -26.599999999999998
4.289869546890259, 92, -10.0
4.299252271652222, 91, 11.599999999999998
4.308656215667725, 91, -5.0
4.317816972732544, 90, 16.599999999999998
4.328951835632324, 89, 21.599999999999998
4.338558673858643, 89, 5.0
4.3476574420928955, 89, 5.0
4.356662273406982, 89, 5.0
4.365657329559326, 90, -16.599999999999998
4.375979661941528, 91, -21.599999999999998
4.385517597198486, 91, -5.0
4.393702983856201, 91, -5.0
4.402799606323242, 91, -5.0
4.411655902862549, 91, -5.0
4.420639514923096, 91, -5.0
4.4315550327301025, 90, 16.599999999999998
4.441366672515869, 89, 21.599999999999998
4.450549840927124, 89, 5.0
4.459595680236816, 89, 5.0
4.468998432159424, 89, 5.0
4.479093313217163, 89, 5.0
4.48809552192688, 90, -16.599999999999998
4.497714281082153, 91, -21.599999999999998
4.507120132446289, 91, -5.0
4.5160300731658936, 91, -5.0
4.527459621429443, 91, -5.0
4.536747455596924, 91, -5.0
4.545807123184204, 90, 16.599999999999998
4.555243968963623, 89, 21.599999999999998
4.568648815155029, 89, 5.0
4.578935861587524, 89, 5.0
4.588115453720093, 89, 5.0
4.597408294677734, 89, 5.0
4.606433391571045, 90, -16.599999999999998
4.615560293197632, 91, -21.599999999999998
4.623997926712036, 91, -5.0
4.636087656021118, 91, -5.0
4.645404577255249, 91, -5.0
4.653623580932617, 91, -5.0
4.662633657455444, 91, -5.0
4.671489715576172, 91, -5.0
4.681707382202148, 90, 16.599999999999998
4.691059827804565, 89, 21.599999999999998
4.701406717300415, 88, 26.599999999999998
4.710599184036255, 87, 31.599999999999998
4.719809293746948, 88, -6.599999999999998
4.7311789989471436, 89, -11.599999999999998
4.740750312805176, 90, -16.599999999999998
4.750392913818359, 91, -21.599999999999998
4.759718418121338, 91, -5.0
4.769105911254883, 91, -5.0
4.779149293899536, 91, -5.0
4.788486957550049, 91, -5.0
4.799174070358276, 90, 16.599999999999998
4.808671712875366, 89, 21.599999999999998
4.817983627319336, 89, 5.0
4.8273561000823975, 88, 26.599999999999998
4.8397557735443115, 89, -11.599999999999998
4.849424362182617, 89, 5.0
4.858905792236328, 90, -16.599999999999998
4.868377685546875, 91, -21.599999999999998
4.877538681030273, 92, -26.599999999999998
4.893131971359253, 92, -10.0
4.902722358703613, 91, 11.599999999999998
4.911758184432983, 90, 16.599999999999998
4.921344995498657, 89, 21.599999999999998
4.930537223815918, 88, 26.599999999999998
4.94159722328186, 88, 10.0
4.950724363327026, 88, 10.0
4.963908672332764, 89, -11.599999999999998
4.97340989112854, 90, -16.599999999999998
4.983041524887085, 91, -21.599999999999998
4.993330240249634, 92, -26.599999999999998
5.016089677810669, 92, -10.0
