0.010742664337158203, 0, 100
0.018942594528198242, 0, 100
0.02606654167175293, 0, 100
0.03261089324951172, 1, 100
0.03931546211242676, 2, 100
0.04468369483947754, 4, 100
0.05148625373840332, 6, 100
0.05718040466308594, 8, 100
0.06336379051208496, 11, 100
0.07291936874389648, 14, 100
0.07973170280456543, 19, 100
0.08581876754760742, 23, 99.7
0.09265899658203125, 27, 93.7
0.09959006309509277, 33, 84.3
0.10594987869262695, 37, 78.7
0.11245465278625488, 41, 72.7
0.12009811401367188, 47, 63.3
0.12749266624450684, 54, 52.6
0.1338789463043213, 59, 45.5
0.14118146896362305, 63, 39.7
0.14681434631347656, 69, 30.3
0.15348553657531738, 73, 24.7
0.16011905670166016, 77, 18.7
0.16720914840698242, 81, 12.7
0.1735365390777588, 86, 5.0
0.18034648895263672, 90, -0.8
0.1862010955810547, 93, -5.1
0.19264483451843262, 97, -11.3
0.19959092140197754, 100, -15.6
0.20578646659851074, 102, -18.4
0.212294340133667, 105, -23.1
0.22002148628234863, 107, -25.9
0.22722125053405762, 109, -28.9
0.23398375511169434, 110, -30.2
0.24126148223876953, 111, -31.7
0.24721026420593262, 112, -33.2
0.2543642520904541, 113, -34.7
0.2616429328918457, 113, -34.5
0.2693355083465576, 113, -34.5
0.27521324157714844, 112, -32.8
0.2818632125854492, 112, -33.0
0.28777289390563965, 111, -31.3
0.29416370391845703, 110, -29.8
0.3056457042694092, 109, -28.3
0.31238412857055664, 107, -25.1
0.3206756114959717, 106, -23.8
0.3276221752166748, 105, -22.3
0.33454084396362305, 103, -19.1
0.3416011333465576, 101, -16.1
0.34758782386779785, 100, -14.8
0.35399961471557617, 99, -13.3
0.36139893531799316, 98, -11.8
0.36731457710266113, 97, -10.3
0.3746795654296875, 95, -7.1
0.3818235397338867, 94, -5.8
0.3877146244049072, 93, -4.3
0.39400386810302734, 93, -4.5
0.40094542503356934, 92, -2.8
0.4067986011505127, 91, -1.3
0.4133782386779785, 90, 0.2
0.4212350845336914, 90, 0.0
0.42826294898986816, 89, 1.7
0.43465352058410645, 89, 1.5
0.44178318977355957, 89, 1.5
0.44762659072875977, 88, 3.2
0.4539499282836914, 88, 3.0
0.4608724117279053, 88, 3.0
0.46662092208862305, 88, 3.0
0.473987340927124, 87, 4.7
0.48088622093200684, 87, 4.5
0.48670434951782227, 87, 4.5
0.4933810234069824, 87, 4.5
0.49996113777160645, 87, 4.5
0.5061132907867432, 87, 4.5
0.5125350952148438, 87, 4.5
0.5194015502929688, 87, 4.5
0.5271673202514648, 87, 4.5
0.5336809158325195, 87, 4.5
0.5405035018920898, 87, 4.5
0.5464015007019043, 87, 4.5
0.5526759624481201, 87, 4.5
0.5595183372497559, 87, 4.5
0.5656721591949463, 87, 4.5
0.5728979110717773, 87, 4.5
0.5798206329345703, 87, 4.5
0.5858547687530518, 87, 4.5
0.5922737121582031, 87, 4.5
0.598893404006958, 87, 4.5
0.6046442985534668, 87, 4.5
0.6115844249725342, 87, 4.5
0.6174097061157227, 87, 4.5
0.6249203681945801, 87, 4.5
0.6327993869781494, 87, 4.5
0.6396048069000244, 87, 4.5
0.645557165145874, 87, 4.5
0.6519629955291748, 87, 4.5
0.6581814289093018, 87, 4.5
0.6641056537628174, 87, 4.5
0.6711781024932861, 87, 4.5
0.6781437397003174, 87, 4.5
0.6843373775482178, 87, 4.5
0.6914441585540771, 87, 4.5
0.6973171234130859, 87, 4.5
0.7088229656219482, 87, 4.5
0.7148027420043945, 87, 4.5
0.7218942642211914, 87, 4.5
0.7305867671966553, 87, 4.5
0.7366836071014404, 87, 4.5
0.7433545589447021, 87, 4.5
0.7499349117279053, 87, 4.5
0.7560672760009766, 87, 4.5
0.7624783515930176, 87, 4.5
0.7693021297454834, 87, 4.5
0.7748427391052246, 87, 4.5
0.782320499420166, 87, 4.5
0.7889072895050049, 87, 4.5
0.7945899963378906, 87, 4.5
0.8028693199157715, 87, 4.5
0.8097290992736816, 87, 4.5
0.8157057762145996, 87, 4.5
0.8221065998077393, 87, 4.5
0.8317055702209473, 87, 4.5
0.8393263816833496, 87, 4.5
0.84543776512146, 87, 4.5
0.8519606590270996, 87, 4.5
0.8581371307373047, 87, 4.5
0.8643395900726318, 87, 4.5
0.8714103698730469, 87, 4.5
0.8788223266601562, 87, 4.5
0.8847160339355469, 87, 4.5
0.8916840553283691, 87, 4.5
0.8974916934967041, 87, 4.5
0.9038209915161133, 87, 4.5
0.9107456207275391, 87, 4.5
0.9165146350860596, 87, 4.5
0.923201322555542, 87, 4.5
0.9308993816375732, 87, 4.5
0.9381453990936279, 87, 4.5
0.9443490505218506, 87, 4.5
0.9514162540435791, 87, 4.5
0.957282304763794, 87, 4.5
0.9635536670684814, 87, 4.5
0.9707951545715332, 87, 4.5
0.9765632152557373, 87, 4.5
0.9839763641357422, 87, 4.5
0.9908864498138428, 87, 4.5
0.9966866970062256, 87, 4.5
1.002915620803833, 87, 4.5
1.0098209381103516, 87, 4.5
1.016010046005249, 87, 4.5
1.0224816799163818, 87, 4.5
1.0293090343475342, 87, 4.5
1.0372350215911865, 87, 4.5
1.0438995361328125, 87, 4.5
1.0508193969726562, 87, 4.5
1.0565578937530518, 87, 4.5
1.062864065170288, 87, 4.5
1.0697274208068848, 87, 4.5
1.0757405757904053, 87, 4.5
1.0828957557678223, 87, 4.5
1.089768886566162, 87, 4.5
1.0957229137420654, 87, 4.5
1.1023545265197754, 87, 4.5
1.1127586364746094, 87, 4.5
1.119584560394287, 87, 4.5
1.1257085800170898, 87, 4.5
1.1332783699035645, 87, 4.5
1.141340732574463, 87, 4.5
1.1473896503448486, 87, 4.5
1.153712511062622, 87, 4.5
1.1607823371887207, 87, 4.5
1.1666150093078613, 87, 4.5
1.172877311706543, 87, 4.5
1.1797528266906738, 87, 4.5
1.186593770980835, 87, 4.5
1.192896842956543, 87, 4.5
1.199774980545044, 87, 4.5
1.2057068347930908, 87, 4.5
1.2120859622955322, 87, 4.5
1.2186758518218994, 87, 4.5
1.2244932651519775, 87, 4.5
1.2314884662628174, 87, 4.5
1.239884614944458, 87, 4.5
1.2461395263671875, 87, 4.5
1.2525274753570557, 87, 4.5
1.2600007057189941, 87, 4.5
1.265965461730957, 87, 4.5
1.2725601196289062, 87, 4.5
1.2793891429901123, 87, 4.5
1.2863612174987793, 87, 4.5
1.2926549911499023, 87, 4.5
1.2996182441711426, 87, 4.5
1.3055453300476074, 87, 4.5
1.311964511871338, 87, 4.5
1.3181428909301758, 87, 4.5
1.3240556716918945, 87, 4.5
1.3311707973480225, 87, 4.5
1.3395259380340576, 87, 4.5
1.3459258079528809, 87, 4.5
1.3522815704345703, 87, 4.5
1.3588719367980957, 87, 4.5
1.3645479679107666, 87, 4.5
1.3714866638183594, 87, 4.5
1.377321720123291, 87, 4.5
1.3835773468017578, 87, 4.5
1.3915221691131592, 87, 4.5
1.3973400592803955, 87, 4.5
1.4037847518920898, 87, 4.5
1.4105634689331055, 87, 4.5
1.4164557456970215, 87, 4.5
1.4227118492126465, 87, 4.5
1.4295446872711182, 87, 4.5
1.4354126453399658, 87, 4.5
1.443849802017212, 87, 4.5
1.450723648071289, 87, 4.5
1.4565238952636719, 87, 4.5
1.4632325172424316, 87, 4.5
1.4698772430419922, 87, 4.5
1.475855827331543, 87, 4.5
1.4822602272033691, 87, 4.5
1.4898810386657715, 87, 4.5
1.4958608150482178, 87, 4.5
1.502281665802002, 87, 4.5
1.5125515460968018, 87, 4.5
1.5193853378295898, 87, 4.5
1.525637149810791, 87, 4.5
1.5322294235229492, 87, 4.5
1.5408217906951904, 87, 4.5
1.5468099117279053, 87, 4.5
1.5533607006072998, 87, 4.5
1.5599546432495117, 87, 4.5
1.5659480094909668, 87, 4.5
1.5723536014556885, 87, 4.5
1.5791945457458496, 87, 4.5
1.5848162174224854, 87, 4.5
1.592456579208374, 87, 4.5
1.6006736755371094, 87, 4.5
1.6064634323120117, 87, 4.5
1.6127467155456543, 87, 4.5
1.619581937789917, 87, 4.5
1.6255264282226562, 87, 4.5
1.6319527626037598, 87, 4.5
1.6381525993347168, 87, 4.5
1.6463892459869385, 87, 4.5
1.6538138389587402, 87, 4.5
1.6612961292266846, 87, 4.5
1.6668615341186523, 87, 4.5
1.6733741760253906, 87, 4.5
1.6799421310424805, 87, 4.5
1.6859230995178223, 87, 4.5
1.6934285163879395, 87, 4.5
1.7000045776367188, 87, 4.5
1.7061550617218018, 87, 4.5
1.7125470638275146, 87, 4.5
1.7193777561187744, 87, 4.5
1.7252206802368164, 87, 4.5
1.731797218322754, 87, 4.5
1.7375712394714355, 87, 4.5
1.7448840141296387, 87, 4.5
1.7525944709777832, 87, 4.5
1.7597203254699707, 87, 4.5
1.765845537185669, 87, 4.5
1.7722434997558594, 87, 4.5
1.7788426876068115, 87, 4.5
1.784562349319458, 87, 4.5
1.7916622161865234, 87, 4.5
1.7988619804382324, 87, 4.5
1.8045485019683838, 87, 4.5
1.8115060329437256, 87, 4.5
1.8173351287841797, 87, 4.5
1.823754072189331, 87, 4.5
1.830690860748291, 87, 4.5
1.8365235328674316, 87, 4.5
1.842836856842041, 87, 4.5
1.8516898155212402, 87, 4.5
1.8576924800872803, 87, 4.5
1.8640320301055908, 87, 4.5
1.8709325790405273, 87, 4.5
1.8766942024230957, 87, 4.5
1.8833556175231934, 87, 4.5
1.8899505138397217, 87, 4.5
1.8967819213867188, 87, 4.5
1.9032444953918457, 87, 4.5
1.913710355758667, 87, 4.5
1.920868158340454, 87, 4.5
1.9266259670257568, 87, 4.5
1.9332702159881592, 87, 4.5
1.939847469329834, 87, 4.5
1.9468679428100586, 87, 4.5
1.954202651977539, 87, 4.5
1.9617042541503906, 87, 4.5
1.9674911499023438, 87, 4.5
1.9738304615020752, 87, 4.5
1.980766773223877, 87, 4.5
1.9865326881408691, 87, 4.5
1.9928319454193115, 87, 4.5
2.000946044921875, 87, 4.5
2.0067391395568848, 87, 4.5
2.012939214706421, 87, 4.5
2.019777536392212, 87, 4.5
2.0257112979888916, 87, 4.5
2.032106876373291, 87, 4.5
2.0386719703674316, 87, 4.5
2.044304609298706, 87, 4.5
2.0532357692718506, 87, 4.5
2.060102701187134, 87, 4.5
2.0662295818328857, 87, 4.5
2.072611093521118, 87, 4.5
2.079432249069214, 87, 4.5
2.0852208137512207, 87, 4.5
2.0918338298797607, 87, 4.5
2.0994181632995605, 87, 4.5
2.1052098274230957, 87, 4.5
2.111798048019409, 87, 4.5
2.1175897121429443, 87, 4.5
2.124053716659546, 87, 4.5
2.130918025970459, 87, 4.5
2.136683702468872, 87, 4.5
2.1429202556610107, 87, 4.5
2.1508677005767822, 87, 4.5
2.1576743125915527, 87, 4.5
2.1642026901245117, 87, 4.5
2.171320915222168, 87, 4.5
2.176882743835449, 87, 4.5
2.183612108230591, 87, 4.5
2.190373659133911, 87, 4.5
2.196143388748169, 87, 4.5
2.2035715579986572, 87, 4.5
2.2103471755981445, 87, 4.5
2.2161242961883545, 87, 4.5
2.222552537918091, 87, 4.5
2.2293519973754883, 87, 4.5
2.23492693901062, 87, 4.5
2.2418711185455322, 87, 4.5
2.2476985454559326, 87, 4.5
2.2566771507263184, 87, 4.5
2.2636523246765137, 87, 4.5
2.2704367637634277, 87, 4.5
2.276202440261841, 87, 4.5
2.2825393676757812, 87, 4.5
2.2893881797790527, 87, 4.5
2.294933795928955, 87, 4.5
2.302564859390259, 87, 4.5
2.3127167224884033, 87, 4.5
2.319596529006958, 87, 4.5
2.3256945610046387, 87, 4.5
2.3322432041168213, 87, 4.5
2.3388097286224365, 87, 4.5
2.3446531295776367, 87, 4.5
2.3515734672546387, 87, 4.5
2.3599488735198975, 87, 4.5
2.366424560546875, 87, 4.5
2.3727221488952637, 87, 4.5
2.3796145915985107, 87, 4.5
2.3855412006378174, 87, 4.5
2.3919713497161865, 87, 4.5
2.3999993801116943, 87, 4.5
2.4071459770202637, 87, 4.5
2.413451671600342, 87, 4.5
2.419989824295044, 87, 4.5
2.426107883453369, 87, 4.5
2.432525396347046, 87, 4.5
2.446404457092285, 87, 4.5
2.4527812004089355, 87, 4.5
2.4622669219970703, 87, 4.5
2.4699604511260986, 87, 4.5
2.4761574268341064, 87, 4.5
2.4827237129211426, 87, 4.5
2.489553451538086, 87, 4.5
2.4954380989074707, 87, 4.5
2.5019302368164062, 87, 4.5
2.5095722675323486, 87, 4.5
2.5155317783355713, 87, 4.5
2.5219621658325195, 87, 4.5
2.5281617641448975, 87, 4.5
2.5340735912323, 87, 4.5
2.541372537612915, 87, 4.5
2.5471906661987305, 87, 4.5
2.5534603595733643, 87, 4.5
2.5613043308258057, 87, 4.5
2.568686008453369, 87, 4.5
2.5747783184051514, 87, 4.5
2.5816783905029297, 87, 4.5
2.5874717235565186, 87, 4.5
2.593796730041504, 87, 4.5
2.6009016036987305, 87, 4.5
2.606663942337036, 87, 4.5
2.6139888763427734, 87, 4.5
2.6208736896514893, 87, 4.5
2.626680374145508, 87, 4.5
2.632937431335449, 87, 4.5
2.6398160457611084, 87, 4.5
2.645805597305298, 87, 4.5
2.6522023677825928, 87, 4.5
2.659780502319336, 87, 4.5
2.6667916774749756, 87, 4.5
2.673473834991455, 87, 4.5
2.6800034046173096, 87, 4.5
2.686028003692627, 87, 4.5
2.692425489425659, 87, 4.5
2.6992342472076416, 87, 4.5
2.7048375606536865, 87, 4.5
2.716064214706421, 87, 4.5
2.722755193710327, 87, 4.5
2.729583263397217, 87, 4.5
2.7357125282287598, 87, 4.5
2.7422378063201904, 87, 4.5
2.748812437057495, 87, 4.5
2.7543561458587646, 87, 4.5
2.762197256088257, 87, 4.5
2.7697951793670654, 87, 4.5
2.7759668827056885, 87, 4.5
2.7825405597686768, 87, 4.5
2.789361000061035, 87, 4.5
2.7951786518096924, 87, 4.5
2.8017892837524414, 87, 4.5
2.8075578212738037, 87, 4.5
2.8148791790008545, 87, 4.5
2.8257699012756348, 87, 4.5
2.832510232925415, 87, 4.5
2.839329719543457, 87, 4.5
2.8453409671783447, 87, 4.5
2.851851224899292, 87, 4.5
2.8576900959014893, 87, 4.5
2.8734421730041504, 87, 4.5
2.8860788345336914, 87, 4.5
2.899460792541504, 87, 4.5
2.912724018096924, 87, 4.5
2.9265263080596924, 87, 4.5
2.939804792404175, 87, 4.5
2.952939510345459, 87, 4.5
2.967756509780884, 87, 4.5
2.983346700668335, 87, 4.5
2.993417978286743, 87, 4.5
2.9999828338623047, 87, 4.5
3.0059478282928467, 87, 4.5
3.0123419761657715, 87, 4.5
3.0191779136657715, 87, 4.5
3.0254452228546143, 87, 4.5
3.036655902862549, 87, 4.5
3.052096128463745, 87, 4.5
3.0614964962005615, 87, 4.5
3.067694664001465, 87, 4.5
3.075547218322754, 87, 4.5
3.082123041152954, 87, 4.5
3.0886733531951904, 87, 4.5
3.09570050239563, 87, 4.5
3.102250099182129, 87, 4.5
3.1088390350341797, 87, 4.5
3.119218349456787, 87, 4.5
3.125183582305908, 87, 4.5
3.1320078372955322, 87, 4.5
3.1381783485412598, 87, 4.5
3.1455838680267334, 87, 4.5
3.1521031856536865, 87, 4.5
3.158658981323242, 87, 4.5
3.1641883850097656, 87, 4.5
3.172050714492798, 87, 4.5
3.1788837909698486, 87, 4.5
3.18459153175354, 87, 4.5
3.191519021987915, 87, 4.5
3.2005791664123535, 87, 4.5
3.2064924240112305, 87, 4.5
3.212808132171631, 87, 4.5
3.219633102416992, 87, 4.5
3.225738286972046, 87, 4.5
3.23209810256958, 87, 4.5
3.2386608123779297, 87, 4.5
3.244188070297241, 87, 4.5
3.2519891262054443, 87, 4.5
3.2595441341400146, 87, 4.5
3.265690803527832, 87, 4.5
3.2736189365386963, 87, 4.5
3.2815442085266113, 87, 4.5
3.2875585556030273, 87, 4.5
3.2939133644104004, 87, 4.5
3.3017354011535645, 87, 4.5
3.3075456619262695, 87, 4.5
3.3138930797576904, 87, 4.5
3.321249008178711, 87, 4.5
3.3267600536346436, 87, 4.5
3.33323335647583, 87, 4.5
3.339857339859009, 87, 4.5
3.3458540439605713, 87, 4.5
3.3532426357269287, 87, 4.5
3.3598530292510986, 87, 4.5
3.365833282470703, 87, 4.5
3.3722264766693115, 87, 4.5
3.3797922134399414, 87, 4.5
3.386173963546753, 87, 4.5
3.3925392627716064, 87, 4.5
3.4000797271728516, 87, 4.5
3.406118154525757, 87, 4.5
3.412529706954956, 87, 4.5
3.419341564178467, 87, 4.5
3.4248979091644287, 87, 4.5
3.431697368621826, 87, 4.5
3.4374778270721436, 87, 4.5
3.443956136703491, 87, 4.5
3.451730728149414, 87, 4.5
3.4575228691101074, 87, 4.5
3.4638783931732178, 87, 4.5
3.4707629680633545, 87, 4.5
3.4765450954437256, 87, 4.5
3.484144687652588, 87, 4.5
3.4912612438201904, 87, 4.5
3.4967775344848633, 87, 4.5
3.5041840076446533, 87, 4.5
3.5146660804748535, 87, 4.5
3.5218350887298584, 87, 4.5
3.527681350708008, 87, 4.5
3.53413462638855, 87, 4.5
3.541428565979004, 87, 4.5
3.5472702980041504, 87, 4.5
3.5543689727783203, 87, 4.5
3.5615766048431396, 87, 4.5
3.5673789978027344, 87, 4.5
3.573721170425415, 87, 4.5
3.5815000534057617, 87, 4.5
3.5875065326690674, 87, 4.5
3.5938379764556885, 87, 4.5
3.60076904296875, 87, 4.5
3.6075432300567627, 87, 4.5
3.614041328430176, 87, 4.5
3.6212680339813232, 87, 4.5
3.626817464828491, 87, 4.5
3.633352279663086, 87, 4.5
3.6399457454681396, 87, 4.5
3.6459174156188965, 87, 4.5
3.6533586978912354, 87, 4.5
3.6599719524383545, 87, 4.5
3.6659586429595947, 87, 4.5
3.672379732131958, 87, 4.5
3.679776668548584, 87, 4.5
3.686245918273926, 87, 4.5
3.692629337310791, 87, 4.5
3.69950532913208, 87, 4.5
3.70636248588562, 87, 4.5
3.712678909301758, 87, 4.5
3.7195394039154053, 87, 4.5
3.7253811359405518, 87, 4.5
3.7318477630615234, 87, 4.5
3.737679958343506, 87, 4.5
3.7443089485168457, 87, 4.5
3.7513420581817627, 87, 4.5
3.758678674697876, 87, 4.5
3.76420259475708, 87, 4.5
3.7713918685913086, 87, 4.5
3.7772128582000732, 87, 4.5
3.7843668460845947, 87, 4.5
3.791626453399658, 87, 4.5
3.7974796295166016, 87, 4.5
3.803950309753418, 87, 4.5
3.8118457794189453, 87, 4.5
3.8176701068878174, 87, 4.5
3.8239667415618896, 87, 4.5
3.831174373626709, 87, 4.5
3.83673357963562, 87, 4.5
3.843217611312866, 87, 4.5
3.8498482704162598, 87, 4.5
3.8566524982452393, 87, 4.5
3.8634018898010254, 87, 4.5
3.869961977005005, 87, 4.5
3.8761043548583984, 87, 4.5
3.8835246562957764, 87, 4.5
3.8905396461486816, 87, 4.5
3.896408796310425, 87, 4.5
3.9026827812194824, 87, 4.5
3.9105329513549805, 87, 4.5
3.921443462371826, 87, 4.5
3.927271604537964, 87, 4.5
3.933682918548584, 87, 4.5
3.9408202171325684, 87, 4.5
3.946568012237549, 87, 4.5
3.952859878540039, 87, 4.5
3.9608235359191895, 87, 4.5
3.966606616973877, 87, 4.5
3.9728944301605225, 87, 4.5
3.9797916412353516, 87, 4.5
3.987381935119629, 87, 4.5
3.993701934814453, 87, 4.5
4.002182960510254, 87, 4.5
4.009684324264526, 87, 4.5
4.015658617019653, 87, 4.5
4.0221030712127686, 87, 4.5
4.028642654418945, 87, 4.5
4.034303426742554, 87, 4.5
4.041747570037842, 87, 4.5
4.047568082809448, 87, 4.5
4.053918838500977, 87, 4.5
4.061728477478027, 87, 4.5
4.067494869232178, 87, 4.5
4.073796272277832, 87, 4.5
4.0806989669799805, 87, 4.5
4.088930368423462, 87, 4.5
4.095846891403198, 87, 4.5
4.102712392807007, 87, 4.5
4.1105523109436035, 87, 4.5
4.116474628448486, 87, 4.5
4.122768402099609, 87, 4.5
4.129607200622559, 87, 4.5
4.135745286941528, 87, 4.5
4.14215350151062, 87, 4.5
4.148700714111328, 87, 4.5
4.154310941696167, 87, 4.5
4.162220478057861, 87, 4.5
4.168774366378784, 87, 4.5
4.174345254898071, 87, 4.5
4.181423187255859, 87, 4.5
4.187253952026367, 87, 4.5
4.194540739059448, 87, 4.5
4.2017412185668945, 87, 4.5
4.20758843421936, 87, 4.5
4.214892387390137, 87, 4.5
4.22198748588562, 87, 4.5
4.22818922996521, 87, 4.5
4.234091520309448, 87, 4.5
4.240935802459717, 87, 4.5
4.246709823608398, 87, 4.5
4.252930402755737, 87, 4.5
4.260939121246338, 87, 4.5
4.267767667770386, 87, 4.5
4.2740254402160645, 87, 4.5
4.281315326690674, 87, 4.5
4.286885738372803, 87, 4.5
4.294337749481201, 87, 4.5
4.301634311676025, 87, 4.5
4.307438135147095, 87, 4.5
4.319482803344727, 87, 4.5
4.32557225227356, 87, 4.5
4.3321309089660645, 87, 4.5
4.338664531707764, 87, 4.5
4.344634771347046, 87, 4.5
4.351548433303833, 87, 4.5
4.357386350631714, 87, 4.5
4.364640235900879, 87, 4.5
4.37157130241394, 87, 4.5
4.377359867095947, 87, 4.5
4.383613586425781, 87, 4.5
4.390687942504883, 87, 4.5
4.397436141967773, 87, 4.5
4.404139041900635, 87, 4.5
4.411264181137085, 87, 4.5
4.418274164199829, 87, 4.5
4.424187421798706, 87, 4.5
4.43129301071167, 87, 4.5
4.436854124069214, 87, 4.5
4.44343376159668, 87, 4.5
4.449990510940552, 87, 4.5
4.455951690673828, 87, 4.5
4.462533950805664, 87, 4.5
4.470344305038452, 87, 4.5
4.476137399673462, 87, 4.5
4.482532501220703, 87, 4.5
4.489331960678101, 87, 4.5
4.496042966842651, 87, 4.5
4.502696514129639, 87, 4.5
4.509609699249268, 87, 4.5
4.515546083450317, 87, 4.5
4.522906541824341, 87, 4.5
4.529785394668579, 87, 4.5
4.535736560821533, 87, 4.5
4.542123556137085, 87, 4.5
4.5486719608306885, 87, 4.5
4.554188251495361, 87, 4.5
4.561319828033447, 87, 4.5
4.568655490875244, 87, 4.5
4.5741846561431885, 87, 4.5
4.581521511077881, 87, 4.5
4.587348937988281, 87, 4.5
4.5936033725738525, 87, 4.5
4.601627588272095, 87, 4.5
4.607410907745361, 87, 4.5
4.613744020462036, 87, 4.5
4.621618032455444, 87, 4.5
4.627446174621582, 87, 4.5
4.633738040924072, 87, 4.5
4.640802383422852, 87, 4.5
4.646542310714722, 87, 4.5
4.653218030929565, 87, 4.5
4.659849166870117, 87, 4.5
4.665844202041626, 87, 4.5
4.672945261001587, 87, 4.5
4.679836750030518, 87, 4.5
4.685838460922241, 87, 4.5
4.6922643184661865, 87, 4.5
4.6998302936553955, 87, 4.5
4.7062153816223145, 87, 4.5
4.712555885314941, 87, 4.5
4.7238545417785645, 87, 4.5
4.730905532836914, 87, 4.5
4.736669301986694, 87, 4.5
4.743339776992798, 87, 4.5
4.749943017959595, 87, 4.5
4.755939960479736, 87, 4.5
4.762470960617065, 87, 4.5
4.769346237182617, 87, 4.5
4.776015996932983, 87, 4.5
4.782588958740234, 87, 4.5
4.789425611495972, 87, 4.5
4.7952189445495605, 87, 4.5
4.804136753082275, 87, 4.5
4.811323642730713, 87, 4.5
4.817131996154785, 87, 4.5
4.824550151824951, 87, 4.5
4.8315746784210205, 87, 4.5
4.837413549423218, 87, 4.5
4.843707799911499, 87, 4.5
4.850528717041016, 87, 4.5
4.856424331665039, 87, 4.5
4.862735748291016, 87, 4.5
4.869580268859863, 87, 4.5
4.876434087753296, 87, 4.5
4.882849216461182, 87, 4.5
4.889744520187378, 87, 4.5
4.89571738243103, 87, 4.5
4.904544115066528, 87, 4.5
4.911843538284302, 87, 4.5
4.917655944824219, 87, 4.5
4.924854516983032, 87, 4.5
4.931790590286255, 87, 4.5
4.937557697296143, 87, 4.5
4.944019317626953, 87, 4.5
4.950942277908325, 87, 4.5
4.9566991329193115, 87, 4.5
4.962920904159546, 87, 4.5
4.96982479095459, 87, 4.5
4.9767303466796875, 87, 4.5
4.982936859130859, 87, 4.5
4.989792108535767, 87, 4.5
4.995727300643921, 87, 4.5
5.0028626918792725, 87, 4.5
5.009979963302612, 87, 4.5
5.015964984893799, 87, 4.5
5.0223658084869385, 87, 4.5
5.029949188232422, 87, 4.5
5.035939693450928, 87, 4.5
5.0424964427948, 87, 4.5
5.049295425415039, 87, 4.5
5.055243968963623, 87, 4.5
5.062081575393677, 87, 4.5
5.068260431289673, 87, 4.5
5.074156761169434, 87, 4.5
5.082000017166138, 87, 4.5
5.088207960128784, 87, 4.5
5.094139575958252, 87, 4.5
5.10119366645813, 87, 4.5
5.108773708343506, 87, 4.5
5.114336252212524, 87, 4.5
5.1249494552612305, 87, 4.5
5.132721185684204, 87, 4.5
5.1396167278289795, 87, 4.5
5.145966291427612, 87, 4.5
5.152358055114746, 87, 4.5
5.158934116363525, 87, 4.5
5.164634704589844, 87, 4.5
5.171717166900635, 87, 4.5
5.179260492324829, 87, 4.5
5.1848461627960205, 87, 4.5
5.191774606704712, 87, 4.5
5.197556018829346, 87, 4.5
5.205176591873169, 87, 4.5
5.212051868438721, 87, 4.5
5.218185186386108, 87, 4.5
5.224093675613403, 87, 4.5
5.231994152069092, 87, 4.5
5.2381837368011475, 87, 4.5
5.244315147399902, 87, 4.5
5.251384735107422, 87, 4.5
5.258664608001709, 87, 4.5
5.264180660247803, 87, 4.5
5.271293640136719, 87, 4.5
5.276840448379517, 87, 4.5
5.284052848815918, 87, 4.5
5.290943622589111, 87, 4.5
5.296694993972778, 87, 4.5
5.3041322231292725, 87, 4.5
5.31149435043335, 87, 4.5
5.317357301712036, 87, 4.5
5.323629379272461, 87, 4.5
5.331551790237427, 87, 4.5
5.337371349334717, 87, 4.5
5.343713283538818, 87, 4.5
5.3505237102508545, 87, 4.5
5.3564088344573975, 87, 4.5
5.3628249168396, 87, 4.5
5.369645595550537, 87, 4.5
5.3756585121154785, 87, 4.5
5.382768869400024, 87, 4.5
5.389595985412598, 87, 4.5
5.395555257797241, 87, 4.5
5.40202260017395, 87, 4.5
5.409662246704102, 87, 4.5
5.41586709022522, 87, 4.5
5.422405481338501, 87, 4.5
5.4292311668396, 87, 4.5
5.4360127449035645, 87, 4.5
5.442504644393921, 87, 4.5
5.449300050735474, 87, 4.5
5.454838752746582, 87, 4.5
5.461707592010498, 87, 4.5
5.467490911483765, 87, 4.5
5.4737913608551025, 87, 4.5
5.480872869491577, 87, 4.5
5.4877142906188965, 87, 4.5
5.493978261947632, 87, 4.5
5.500866174697876, 87, 4.5
5.5076329708099365, 87, 4.5
5.514171123504639, 87, 4.5
5.524336338043213, 87, 4.5
5.531563758850098, 87, 4.5
5.539219379425049, 87, 4.5
5.544919729232788, 87, 4.5
5.551961183547974, 87, 4.5
5.557767391204834, 87, 4.5
5.564183235168457, 87, 4.5
5.571345806121826, 87, 4.5
5.576876163482666, 87, 4.5
5.5834245681762695, 87, 4.5
5.591306686401367, 87, 4.5
5.59714937210083, 87, 4.5
5.605190753936768, 87, 4.5
5.6140782833099365, 87, 4.5
5.621443748474121, 87, 4.5
5.627270221710205, 87, 4.5
5.633526086807251, 87, 4.5
5.6414501667022705, 87, 4.5
5.647259950637817, 87, 4.5
5.653541803359985, 87, 4.5
5.660101413726807, 87, 4.5
5.666225910186768, 87, 4.5
5.672609567642212, 87, 4.5
5.679470062255859, 87, 4.5
5.685354471206665, 87, 4.5
5.6927666664123535, 87, 4.5
5.699599504470825, 87, 4.5
5.705554962158203, 87, 4.5
5.712750673294067, 87, 4.5
5.7198710441589355, 87, 4.5
5.7260472774505615, 87, 4.5
5.732454538345337, 87, 4.5
5.739999771118164, 87, 4.5
5.7460103034973145, 87, 4.5
5.7524518966674805, 87, 4.5
5.759279727935791, 87, 4.5
5.764732599258423, 87, 4.5
5.771703004837036, 87, 4.5
5.777496337890625, 87, 4.5
5.783948659896851, 87, 4.5
5.7917070388793945, 87, 4.5
5.797519207000732, 87, 4.5
5.803854703903198, 87, 4.5
5.8107216358184814, 87, 4.5
5.817612409591675, 87, 4.5
5.824095249176025, 87, 4.5
5.835643529891968, 87, 4.5
5.842877626419067, 87, 4.5
5.850088119506836, 87, 4.5
5.856077671051025, 87, 4.5
5.862725019454956, 87, 4.5
5.86960506439209, 87, 4.5
5.875579833984375, 87, 4.5
5.881993055343628, 87, 4.5
5.888259410858154, 87, 4.5
5.89552116394043, 87, 4.5
5.902106046676636, 87, 4.5
5.908670425415039, 87, 4.5
5.915547609329224, 87, 4.5
5.926605463027954, 87, 4.5
5.9333672523498535, 87, 4.5
5.941372394561768, 87, 4.5
5.947216987609863, 87, 4.5
5.953714370727539, 87, 4.5
5.960794687271118, 87, 4.5
5.966608285903931, 87, 4.5
5.97292160987854, 87, 4.5
5.97979211807251, 87, 4.5
5.985793113708496, 87, 4.5
5.99293851852417, 87, 4.5
5.999836444854736, 87, 4.5
6.005826473236084, 87, 4.5
6.012237787246704, 87, 4.5
6.020067453384399, 87, 4.5
6.026206016540527, 87, 4.5
6.032572269439697, 87, 4.5
6.0394322872161865, 87, 4.5
6.046200752258301, 87, 4.5
6.052561283111572, 87, 4.5
6.059374094009399, 87, 4.5
6.064913034439087, 87, 4.5
6.072018146514893, 87, 4.5
6.078248977661133, 87, 4.5
6.084580659866333, 87, 4.5
6.091491222381592, 87, 4.5
6.09894871711731, 87, 4.5
6.104634046554565, 87, 4.5
6.111606597900391, 87, 4.5
6.1188061237335205, 87, 4.5
6.1247498989105225, 87, 4.5
6.131696462631226, 87, 4.5
6.137488842010498, 87, 4.5
6.145179033279419, 87, 4.5
6.151878356933594, 87, 4.5
6.157734394073486, 87, 4.5
6.163990259170532, 87, 4.5
6.170891284942627, 87, 4.5
6.1766581535339355, 87, 4.5
6.182934761047363, 87, 4.5
6.189829349517822, 87, 4.5
6.196687698364258, 87, 4.5
6.203335285186768, 87, 4.5
6.209947109222412, 87, 4.5
6.217228412628174, 87, 4.5
6.223722696304321, 87, 4.5
6.23054575920105, 87, 4.5
6.236402273178101, 87, 4.5
6.242705345153809, 87, 4.5
6.250492572784424, 87, 4.5
6.257301568984985, 87, 4.5
6.263721227645874, 87, 4.5
6.270546913146973, 87, 4.5
6.276447057723999, 87, 4.5
6.282695055007935, 87, 4.5
6.289558172225952, 87, 4.5
6.296161890029907, 87, 4.5
6.302571535110474, 87, 4.5
6.309380769729614, 87, 4.5
6.31602144241333, 87, 4.5
6.326732158660889, 87, 4.5
6.333461284637451, 87, 4.5
6.33997654914856, 87, 4.5
6.347383737564087, 87, 4.5
6.353856563568115, 87, 4.5
6.360750675201416, 87, 4.5
6.366536855697632, 87, 4.5
6.3728320598602295, 87, 4.5
6.379711151123047, 87, 4.5
6.385822772979736, 87, 4.5
6.392213582992554, 87, 4.5
6.399830341339111, 87, 4.5
6.40750527381897, 87, 4.5
6.4138123989105225, 87, 4.5
6.422942399978638, 87, 4.5
6.4299750328063965, 87, 4.5
6.435969114303589, 87, 4.5
6.442520380020142, 87, 4.5
6.449991464614868, 87, 4.5
6.455967426300049, 87, 4.5
6.462335586547852, 87, 4.5
6.469162464141846, 87, 4.5
6.474805116653442, 87, 4.5
6.48171329498291, 87, 4.5
6.487491607666016, 87, 4.5
6.49383282661438, 87, 4.5
6.50188684463501, 87, 4.5
6.507693290710449, 87, 4.5
6.513993978500366, 87, 4.5
6.521808385848999, 87, 4.5
6.528186082839966, 87, 4.5
6.534088850021362, 87, 4.5
6.541187286376953, 87, 4.5
6.546727418899536, 87, 4.5
6.554037570953369, 87, 4.5
6.561298131942749, 87, 4.5
6.566851854324341, 87, 4.5
6.573397159576416, 87, 4.5
6.5799925327301025, 87, 4.5
6.585960626602173, 87, 4.5
6.5923402309417725, 87, 4.5
6.598935127258301, 87, 4.5
6.605917692184448, 87, 4.5
6.612380266189575, 87, 4.5
6.61916708946228, 87, 4.5
6.626412868499756, 87, 4.5
6.632718801498413, 87, 4.5
6.639569282531738, 87, 4.5
6.645520925521851, 87, 4.5
6.6527419090271, 87, 4.5
6.659613132476807, 87, 4.5
6.665586471557617, 87, 4.5
6.671984910964966, 87, 4.5
6.678195953369141, 87, 4.5
6.684328556060791, 87, 4.5
6.691361904144287, 87, 4.5
6.697168350219727, 87, 4.5
6.704344034194946, 87, 4.5
6.711390733718872, 87, 4.5
6.717237234115601, 87, 4.5
6.729623556137085, 87, 4.5
6.736052989959717, 87, 4.5
6.742733001708984, 87, 4.5
6.74957537651062, 87, 4.5
6.7565765380859375, 87, 4.5
6.762878656387329, 87, 4.5
6.769766807556152, 87, 4.5
6.775718688964844, 87, 4.5
6.7820892333984375, 87, 4.5
6.788641929626465, 87, 4.5
6.794191122055054, 87, 4.5
6.801528453826904, 87, 4.5
6.80888295173645, 87, 4.5
6.8145763874053955, 87, 4.5
6.822171449661255, 87, 4.5
6.829188823699951, 87, 4.5
6.834835052490234, 87, 4.5
6.841691017150879, 87, 4.5
6.847481966018677, 87, 4.5
6.853785753250122, 87, 4.5
6.861912965774536, 87, 4.5
6.86775541305542, 87, 4.5
6.8739988803863525, 87, 4.5
6.880896091461182, 87, 4.5
6.88669490814209, 87, 4.5
6.892925977706909, 87, 4.5
6.899817705154419, 87, 4.5
6.90664005279541, 87, 4.5
6.912935972213745, 87, 4.5
6.9198102951049805, 87, 4.5
6.927314519882202, 87, 4.5
6.933579444885254, 87, 4.5
6.94035267829895, 87, 4.5
6.94614839553833, 87, 4.5
6.952530145645142, 87, 4.5
6.960346698760986, 87, 4.5
6.966124773025513, 87, 4.5
6.9725258350372314, 87, 4.5
6.979364633560181, 87, 4.5
6.985392332077026, 87, 4.5
6.992024898529053, 87, 4.5
6.998655319213867, 87, 4.5
7.004332542419434, 87, 4.5
7.012091398239136, 87, 4.5
7.018673896789551, 87, 4.5
7.025558233261108, 87, 4.5
7.0322105884552, 87, 4.5
7.038804292678833, 87, 4.5
7.044658660888672, 87, 4.5
7.05156946182251, 87, 4.5
7.057424306869507, 87, 4.5
7.064677715301514, 87, 4.5
7.071572542190552, 87, 4.5
7.07735800743103, 87, 4.5
7.083941221237183, 87, 4.5
7.0908496379852295, 87, 4.5
7.096632719039917, 87, 4.5
7.103269338607788, 87, 4.5
7.110857248306274, 87, 4.5
7.116622447967529, 87, 4.5
7.126793146133423, 87, 4.5
7.13588285446167, 87, 4.5
7.142442941665649, 87, 4.5
7.149208068847656, 87, 4.5
7.154806137084961, 87, 4.5
7.162597179412842, 87, 4.5
7.16946268081665, 87, 4.5
7.17523980140686, 87, 4.5
7.18177342414856, 87, 4.5
7.187560558319092, 87, 4.5
7.193920135498047, 87, 4.5
7.200788497924805, 87, 4.5
7.208810329437256, 87, 4.5
7.215641260147095, 87, 4.5
7.222356081008911, 87, 4.5
7.230942726135254, 87, 4.5
7.23816442489624, 87, 4.5
7.244370937347412, 87, 4.5
7.251627445220947, 87, 4.5
7.258847951889038, 87, 4.5
7.265809059143066, 87, 4.5
7.272320985794067, 87, 4.5
7.279159784317017, 87, 4.5
7.284823894500732, 87, 4.5
7.2917561531066895, 87, 4.5
7.2975568771362305, 87, 4.5
7.303927421569824, 87, 4.5
7.310811758041382, 87, 4.5
7.317623138427734, 87, 4.5
7.323936939239502, 87, 4.5
7.330822467803955, 87, 4.5
7.337576389312744, 87, 4.5
7.344317674636841, 87, 4.5
7.3513898849487305, 87, 4.5
7.357203722000122, 87, 4.5
7.363489389419556, 87, 4.5
7.3714375495910645, 87, 4.5
7.377275228500366, 87, 4.5
7.383703231811523, 87, 4.5
7.390545129776001, 87, 4.5
7.396438121795654, 87, 4.5
7.402883291244507, 87, 4.5
7.409756183624268, 87, 4.5
7.416520595550537, 87, 4.5
7.422852516174316, 87, 4.5
7.429743528366089, 87, 4.5
7.443706750869751, 87, 4.5
7.450545072555542, 87, 4.5
7.456442594528198, 87, 4.5
7.4628753662109375, 87, 4.5
7.470566272735596, 87, 4.5
7.476453542709351, 87, 4.5
7.482728958129883, 87, 4.5
7.489576816558838, 87, 4.5
7.495453119277954, 87, 4.5
7.501990795135498, 87, 4.5
7.508224964141846, 87, 4.5
7.514363765716553, 87, 4.5
7.522306680679321, 87, 4.5
7.533613920211792, 87, 4.5
7.541694402694702, 87, 4.5
7.5476953983306885, 87, 4.5
7.554139614105225, 87, 4.5
7.561290740966797, 87, 4.5
7.568244934082031, 87, 4.5
7.574159860610962, 87, 4.5
7.581441640853882, 87, 4.5
7.587286472320557, 87, 4.5
7.593546390533447, 87, 4.5
7.600126266479492, 87, 4.5
7.606106519699097, 87, 4.5
7.612526893615723, 87, 4.5
7.6201255321502686, 87, 4.5
7.626085042953491, 87, 4.5
7.632466554641724, 87, 4.5
7.640088796615601, 87, 4.5
7.6466224193573, 87, 4.5
7.65290093421936, 87, 4.5
7.65976619720459, 87, 4.5
7.665731906890869, 87, 4.5
7.672906160354614, 87, 4.5
7.679765462875366, 87, 4.5
7.685710668563843, 87, 4.5
7.692086458206177, 87, 4.5
7.69865870475769, 87, 4.5
7.704482793807983, 87, 4.5
7.711467504501343, 87, 4.5
7.7172675132751465, 87, 4.5
7.724571704864502, 87, 4.5
7.731563091278076, 87, 4.5
7.7373645305633545, 87, 4.5
7.744776010513306, 87, 4.5
7.751716375350952, 87, 4.5
7.757466554641724, 87, 4.5
7.7639219760894775, 87, 4.5
7.771871328353882, 87, 4.5
7.7777533531188965, 87, 4.5
7.784072399139404, 87, 4.5
7.790922403335571, 87, 4.5
7.796663999557495, 87, 4.5
7.802937269210815, 87, 4.5
7.809830188751221, 87, 4.5
7.8157899379730225, 87, 4.5
7.8313703536987305, 87, 4.5
7.843682765960693, 87, 4.5
7.857516527175903, 87, 4.5
7.870490550994873, 87, 4.5
7.884830474853516, 87, 4.5
7.8993823528289795, 87, 4.5
7.91264009475708, 87, 4.5
7.926483869552612, 87, 4.5
7.947723388671875, 87, 4.5
7.9608986377716064, 87, 4.5
7.967711925506592, 87, 4.5
7.973994731903076, 87, 4.5
7.980902433395386, 87, 4.5
7.9866766929626465, 87, 4.5
7.9929258823394775, 87, 4.5
7.999839782714844, 87, 4.5
8.0187087059021, 87, 4.5
8.030742883682251, 87, 4.5
8.037173509597778, 87, 4.5
8.045259475708008, 87, 4.5
8.052705526351929, 87, 4.5
8.059792280197144, 87, 4.5
8.066737413406372, 87, 4.5
8.073205947875977, 87, 4.5
8.079869031906128, 87, 4.5
8.085855484008789, 87, 4.5
8.092246055603027, 87, 4.5
8.098814964294434, 87, 4.5
8.104361295700073, 87, 4.5
8.111451864242554, 87, 4.5
8.11885666847229, 87, 4.5
8.124738931655884, 87, 4.5
8.131684303283691, 87, 4.5
8.137491941452026, 87, 4.5
8.143791675567627, 87, 4.5
8.151575565338135, 87, 4.5
8.157567977905273, 87, 4.5
8.164058208465576, 87, 4.5
8.171924829483032, 87, 4.5
8.178140640258789, 87, 4.5
8.184298276901245, 87, 4.5
8.19135856628418, 87, 4.5
8.19687795639038, 87, 4.5
8.203712701797485, 87, 4.5
8.21054196357727, 87, 4.5
8.216424226760864, 87, 4.5
8.223682641983032, 87, 4.5
8.230483531951904, 87, 4.5
8.236371755599976, 87, 4.5
8.242827653884888, 87, 4.5
8.250741004943848, 87, 4.5
8.25772738456726, 87, 4.5
8.263984203338623, 87, 4.5
8.271792650222778, 87, 4.5
8.27761960029602, 87, 4.5
8.283920764923096, 87, 4.5
8.291192293167114, 87, 4.5
8.296718120574951, 87, 4.5
8.303372144699097, 87, 4.5
8.30995225906372, 87, 4.5
8.315904140472412, 87, 4.5
8.323341131210327, 87, 4.5
8.333613395690918, 87, 4.5
8.34054970741272, 87, 4.5
8.346433639526367, 87, 4.5
8.353792428970337, 87, 4.5
8.361393690109253, 87, 4.5
8.367233991622925, 87, 4.5
8.374388456344604, 87, 4.5
8.381470203399658, 87, 4.5
8.387311935424805, 87, 4.5
8.393567323684692, 87, 4.5
8.400358438491821, 87, 4.5
8.406155586242676, 87, 4.5
8.412541389465332, 87, 4.5
8.419424533843994, 87, 4.5
8.42641305923462, 87, 4.5
8.4326810836792, 87, 4.5
8.439537525177002, 87, 4.5
8.445439100265503, 87, 4.5
8.45256519317627, 87, 4.5
8.459744453430176, 87, 4.5
8.465705156326294, 87, 4.5
8.472864866256714, 87, 4.5
8.479734420776367, 87, 4.5
8.485857725143433, 87, 4.5
8.492286682128906, 87, 4.5
8.49885869026184, 87, 4.5
8.504559755325317, 87, 4.5
8.511589765548706, 87, 4.5
8.517422676086426, 87, 4.5
8.52474331855774, 87, 4.5
8.531705141067505, 87, 4.5
8.53745174407959, 87, 4.5
8.543908596038818, 87, 4.5
8.551194190979004, 87, 4.5
8.558826923370361, 87, 4.5
8.564388751983643, 87, 4.5
8.57144808769226, 87, 4.5
8.57877779006958, 87, 4.5
8.584382057189941, 87, 4.5
8.591467380523682, 87, 4.5
8.597301959991455, 87, 4.5
8.603731393814087, 87, 4.5
8.610528469085693, 87, 4.5
8.616438865661621, 87, 4.5
8.622716426849365, 87, 4.5
8.630484580993652, 87, 4.5
8.636365413665771, 87, 4.5
8.642689228057861, 87, 4.5
8.64951491355896, 87, 4.5
8.656224250793457, 87, 4.5
8.663224697113037, 87, 4.5
8.669865846633911, 87, 4.5
8.676644325256348, 87, 4.5
8.683293342590332, 87, 4.5
8.689914464950562, 87, 4.5
8.695883989334106, 87, 4.5
8.702287197113037, 87, 4.5
8.708837509155273, 87, 4.5
8.714490413665771, 87, 4.5
8.721660375595093, 87, 4.5
8.729286909103394, 87, 4.5
8.740494012832642, 87, 4.5
8.74639892578125, 87, 4.5
8.752883672714233, 87, 4.5
8.761384963989258, 87, 4.5
8.767231941223145, 87, 4.5
8.773505687713623, 87, 4.5
8.781612873077393, 87, 4.5
8.787427425384521, 87, 4.5
8.7937171459198, 87, 4.5
8.800525426864624, 87, 4.5
8.808271169662476, 87, 4.5
8.814578294754028, 87, 4.5
8.821561813354492, 87, 4.5
8.827402114868164, 87, 4.5
8.834688186645508, 87, 4.5
8.841847896575928, 87, 4.5
8.847667932510376, 87, 4.5
8.853978633880615, 87, 4.5
8.86348295211792, 87, 4.5
8.870503664016724, 87, 4.5
8.876377582550049, 87, 4.5
8.88364553451538, 87, 4.5
8.890442609786987, 87, 4.5
8.896349430084229, 87, 4.5
8.902841567993164, 87, 4.5
8.909730195999146, 87, 4.5
8.915680408477783, 87, 4.5
8.922119140625, 87, 4.5
8.92862868309021, 87, 4.5
8.935673475265503, 87, 4.5
8.942232370376587, 87, 4.5
8.948880195617676, 87, 4.5
8.95456051826477, 87, 4.5
8.962331295013428, 87, 4.5
8.969405889511108, 87, 4.5
8.975202083587646, 87, 4.5
8.982455968856812, 87, 4.5
8.989368438720703, 87, 4.5
8.994924783706665, 87, 4.5
9.00173306465149, 87, 4.5
9.007539987564087, 87, 4.5
9.013837099075317, 87, 4.5
9.020912170410156, 87, 4.5
9.026661396026611, 87, 4.5
9.033886671066284, 87, 4.5
9.04079818725586, 87, 4.5
9.046578884124756, 87, 4.5
9.052868843078613, 87, 4.5
9.06077241897583, 87, 4.5
9.066773653030396, 87, 4.5
9.073443174362183, 87, 4.5
9.079995393753052, 87, 4.5
9.087344408035278, 87, 4.5
9.093644618988037, 87, 4.5
9.100431680679321, 87, 4.5
9.10619568824768, 87, 4.5
9.112526178359985, 87, 4.5
9.119356870651245, 87, 4.5
9.124913692474365, 87, 4.5
9.136592388153076, 87, 4.5
9.143467664718628, 87, 4.5
9.15001392364502, 87, 4.5
9.156123399734497, 87, 4.5
9.163528680801392, 87, 4.5
9.170527696609497, 87, 4.5
9.176424741744995, 87, 4.5
9.182691812515259, 87, 4.5
9.190427780151367, 87, 4.5
9.196206331253052, 87, 4.5
9.202790260314941, 87, 4.5
9.209596872329712, 87, 4.5
9.215534925460815, 87, 4.5
9.222280502319336, 87, 4.5
9.228889465332031, 87, 4.5
9.235811710357666, 87, 4.5
9.242328882217407, 87, 4.5
9.248892784118652, 87, 4.5
9.2556791305542, 87, 4.5
9.263370990753174, 87, 4.5
9.27042007446289, 87, 4.5
9.276169300079346, 87, 4.5
9.282553911209106, 87, 4.5
9.290348052978516, 87, 4.5
9.296136617660522, 87, 4.5
9.302520990371704, 87, 4.5
9.309309005737305, 87, 4.5
9.314844608306885, 87, 4.5
9.321857929229736, 87, 4.5
9.327691793441772, 87, 4.5
9.334144592285156, 87, 4.5
9.341973066329956, 87, 4.5
9.348204374313354, 87, 4.5
9.35408639907837, 87, 4.5
9.360949277877808, 87, 4.5
9.368670463562012, 87, 4.5
9.3743314743042, 87, 4.5
9.381575345993042, 87, 4.5
9.38893175125122, 87, 4.5
9.394602060317993, 87, 4.5
9.401610612869263, 87, 4.5
9.407406568527222, 87, 4.5
9.413698673248291, 87, 4.5
9.420534372329712, 87, 4.5
9.426411628723145, 87, 4.5
9.432695388793945, 87, 4.5
9.440702438354492, 87, 4.5
9.446503639221191, 87, 4.5
9.452823162078857, 87, 4.5
9.459733724594116, 87, 4.5
9.466732025146484, 87, 4.5
9.473405838012695, 87, 4.5
9.479949474334717, 87, 4.5
9.485962152481079, 87, 4.5
9.493366718292236, 87, 4.5
9.499944686889648, 87, 4.5
9.506073236465454, 87, 4.5
9.512479305267334, 87, 4.5
9.51930546760559, 87, 4.5
9.524839639663696, 87, 4.5
9.53168797492981, 87, 4.5
9.543179035186768, 87, 4.5
9.549833059310913, 87, 4.5
9.556010723114014, 87, 4.5
9.562682390213013, 87, 4.5
9.570869207382202, 87, 4.5
9.57662558555603, 87, 4.5
9.58289098739624, 87, 4.5
9.590869426727295, 87, 4.5
9.596701383590698, 87, 4.5
9.602932691574097, 87, 4.5
9.611562490463257, 87, 4.5
9.617385625839233, 87, 4.5
9.623841524124146, 87, 4.5
9.630774974822998, 87, 4.5
9.636617183685303, 87, 4.5
9.643966674804688, 87, 4.5
9.650888681411743, 87, 4.5
9.656658172607422, 87, 4.5
9.662940979003906, 87, 4.5
9.672370433807373, 87, 4.5
9.679450750350952, 87, 4.5
9.68555235862732, 87, 4.5
9.691972970962524, 87, 4.5
9.699594020843506, 87, 4.5
9.705566883087158, 87, 4.5
9.71201491355896, 87, 4.5
9.71820855140686, 87, 4.5
9.72435474395752, 87, 4.5
9.731415510177612, 87, 4.5
9.737257957458496, 87, 4.5
9.744710206985474, 87, 4.5
9.751681804656982, 87, 4.5
9.75748872756958, 87, 4.5
9.763795137405396, 87, 4.5
9.771753549575806, 87, 4.5
9.7777738571167, 87, 4.5
9.784001111984253, 87, 4.5
9.790884256362915, 87, 4.5
9.79774284362793, 87, 4.5
9.804177284240723, 87, 4.5
9.811290740966797, 87, 4.5
9.816838264465332, 87, 4.5
9.823406219482422, 87, 4.5
9.829942226409912, 87, 4.5
9.83602237701416, 87, 4.5
9.842461585998535, 87, 4.5
9.854825496673584, 87, 4.5
9.861968755722046, 87, 4.5
9.869377613067627, 87, 4.5
9.8760404586792, 87, 4.5
9.882490634918213, 87, 4.5
9.889320135116577, 87, 4.5
9.894878149032593, 87, 4.5
9.902326345443726, 87, 4.5
9.908933401107788, 87, 4.5
9.914611339569092, 87, 4.5
9.921745538711548, 87, 4.5
9.927584409713745, 87, 4.5
9.937658786773682, 87, 4.5
9.944167852401733, 87, 4.5
9.952204942703247, 87, 4.5
9.958784580230713, 87, 4.5
9.96464204788208, 87, 4.5
9.97229552268982, 87, 4.5
9.979368448257446, 87, 4.5
9.985412120819092, 87, 4.5
9.991917848587036, 87, 4.5
9.99958062171936, 87, 4.5
10.005464553833008, 87, 4.5
