0.023741483688354492, 0, 22.5
0.03946566581726074, 0, 27.0
0.05244612693786621, 0, 31.5
0.06763195991516113, 2, 35.5
0.07377314567565918, 3, 39.650000000000006
0.0851442813873291, 4, 43.75
0.09174299240112305, 6, 47.55
0.09912538528442383, 7, 51.5
0.10505914688110352, 9, 55.14999999999999
0.11171793937683105, 11, 58.7
0.1197054386138916, 13, 62.15
0.1256709098815918, 16, 65.25
0.13204026222229004, 18, 68.45
0.13940143585205078, 20, 71.55000000000001
0.1471421718597412, 24, 74.05
0.15328741073608398, 27, 76.6
0.16000008583068848, 30, 79.0
0.1667320728302002, 34, 81.0
0.174025297164917, 38, 82.8
0.1805737018585205, 43, 84.14999999999999
0.18760943412780762, 46, 85.74999999999999
0.19376778602600098, 50, 86.94999999999999
0.20031046867370605, 54, 87.94999999999999
0.2073228359222412, 59, 88.49999999999999
0.21354961395263672, 65, 88.54999999999998
0.22075819969177246, 69, 88.79999999999998
0.22783756256103516, 76, 88.09999999999998
0.23525214195251465, 80, 87.79999999999998
0.2417302131652832, 87, 86.54999999999998
0.2500154972076416, 94, 84.94999999999999
0.25675344467163086, 98, 83.74999999999999
0.26264047622680664, 106, 81.34999999999998
0.27046966552734375, 110, 79.54999999999998
0.277529239654541, 116, 77.04999999999998
0.28371334075927734, 123, 73.99999999999999
0.290433406829834, 128, 71.09999999999998
0.29743337631225586, 133, 67.94999999999997
0.3035292625427246, 140, 64.04999999999997
0.31011176109313965, 146, 60.04999999999997
0.3170762062072754, 150, 56.24999999999997
0.3239779472351074, 157, 51.49999999999998
0.3306405544281006, 164, 46.39999999999998
0.33769941329956055, 169, 41.449999999999974
0.3452157974243164, 174, 36.24999999999997
0.3520042896270752, 180, 30.54999999999997
0.3593471050262451, 184, 25.049999999999965
0.365389347076416, 190, 18.849999999999966
0.37306928634643555, 193, 13.099999999999966
0.37991905212402344, 198, 6.699999999999967
0.38669562339782715, 202, 0.2999999999999652
0.39254260063171387, 206, -6.300000000000036
0.3997058868408203, 209, -12.850000000000033
0.40608954429626465, 212, -19.550000000000036
0.41254281997680664, 215, -26.400000000000034
0.41968655586242676, 218, -33.400000000000034
0.42738914489746094, 219, -40.05000000000003
0.4334452152252197, 221, -47.000000000000036
0.44002223014831543, 222, -53.80000000000004
0.4477877616882324, 223, -60.650000000000034
0.45430612564086914, 224, -67.55000000000004
0.46078920364379883, 224, -74.25000000000004
0.4678502082824707, 223, -80.70000000000005
0.47545313835144043, 222, -87.10000000000004
0.48749327659606934, 221, -93.45000000000005
0.4937937259674072, 218, -99.25000000000006
0.5004773139953613, 216, -100
0.5073726177215576, 213, -100
0.513446569442749, 210, -100
0.5199143886566162, 206, -100
0.5274832248687744, 203, -100
0.5336971282958984, 198, -100
0.5401060581207275, 194, -100
0.5477731227874756, 190, -100
0.5539994239807129, 184, -100
0.5604474544525146, 180, -100
0.5673224925994873, 175, -100
0.5738825798034668, 169, -100
0.5803079605102539, 164, -100
0.5871500968933105, 158, -100
0.5928056240081787, 151, -100
0.599942684173584, 146, -100
0.6066217422485352, 140, -100
0.6122293472290039, 134, -100
0.6193432807922363, 128, -100
0.6267967224121094, 121, -100
0.6324803829193115, 113, -100
0.639514684677124, 109, -100
0.645357608795166, 100, -100
0.6531467437744141, 92, -100
0.659867525100708, 86, -100
0.666093111038208, 80, -100
0.6720020771026611, 74, -100
0.6799261569976807, 65, -100
0.6865828037261963, 59, -100
0.6920902729034424, 52, -100
0.6993136405944824, 46, -100
0.7051985263824463, 38, -100
0.7116506099700928, 31, -100
0.7186064720153809, 24, -100
0.7243976593017578, 18, -100
0.7318484783172607, 9, -100
0.7387206554412842, 3, -100
0.7444710731506348, -4, -100
0.7517316341400146, -12, -100
0.7592165470123291, -19, -94.05000000000008
0.7652509212493896, -28, -86.35000000000008
0.7718806266784668, -34, -78.95000000000007
0.7799685001373291, -41, -71.00000000000007
0.7867357730865479, -50, -62.200000000000074
0.7943463325500488, -58, -53.20000000000007
0.8011751174926758, -66, -43.80000000000007
0.8079802989959717, -72, -34.50000000000008
0.8145251274108887, -78, -24.900000000000077
0.8212602138519287, -85, -14.750000000000078
0.8293817043304443, -90, -4.750000000000078
0.8354053497314453, -96, 5.749999999999925
0.8418676853179932, -101, 16.299999999999926
0.8506803512573242, -105, 26.849999999999923
0.8592236042022705, -111, 38.09999999999992
0.8654491901397705, -116, 49.39999999999993
0.8719310760498047, -118, 60.199999999999925
0.8793361186981201, -120, 71.09999999999992
0.8907945156097412, -124, 82.59999999999994
0.8978595733642578, -126, 93.79999999999993
0.9041376113891602, -127, 100
0.910707950592041, -127, 100
0.9175553321838379, -127, 100
0.9234428405761719, -127, 100
0.9299070835113525, -126, 100
0.9375038146972656, -124, 100
0.9433374404907227, -123, 100
0.9499959945678711, -121, 100
0.9577395915985107, -119, 100
0.9639379978179932, -115, 100
0.9703097343444824, -112, 100
0.9771161079406738, -109, 100
0.983769416809082, -104, 100
0.9904096126556396, -100, 100
0.997208833694458, -96, 100
1.0026345252990723, -90, 100
1.009779691696167, -85, 100
1.0155627727508545, -80, 100
1.0217998027801514, -75, 100
1.0286750793457031, -70, 100
1.0356042385101318, -64, 100
1.041886568069458, -57, 100
1.0487372875213623, -52, 100
1.0554256439208984, -46, 100
1.0619001388549805, -38, 100
1.0691161155700684, -32, 100
1.0746455192565918, -26, 100
1.0811262130737305, -18, 100
1.088712215423584, -12, 100
1.094437599182129, -5, 100
1.100752353668213, 3, 100
1.107586145401001, 10, 100
1.1134860515594482, 16, 100
1.1200592517852783, 22, 100
1.1266822814941406, 29, 100
1.1325223445892334, 38, 100
1.140052080154419, 44, 100
1.1466524600982666, 51, 100
1.15220308303833, 58, 100
1.1599674224853516, 64, 100
1.1667513847351074, 74, 100
1.1722803115844727, 82, 100
1.1793467998504639, 87, 100
1.186765432357788, 96, 100
1.1926000118255615, 105, 100
1.1995713710784912, 112, 100
1.2053532600402832, 119, 100
1.2116620540618896, 126, 100
1.2185814380645752, 132, 100
1.2243645191192627, 140, 100
1.2306594848632812, 149, 100
1.239567518234253, 156, 100
1.2454719543457031, 165, 100
1.2519550323486328, 172, 100
1.259718656539917, 179, 100
1.266148328781128, 188, 100
1.2720363140106201, 195, 100
1.2791798114776611, 202, 100
1.290104866027832, 211, 100
1.2967002391815186, 223, 100
1.3025319576263428, 232, 100
1.3097527027130127, 237, 100
1.3155419826507568, 246, 100
1.3218145370483398, 253, 100
1.3287057876586914, 260, 100
1.33445405960083, 267, 100
1.3415844440460205, 276, 100
1.3484201431274414, 284, 100
1.3543176651000977, 290, 100
1.3615953922271729, 300, 100
1.3691012859344482, 307, 100
1.3746271133422852, 314, 100
1.381382942199707, 323, 100
1.3892533779144287, 330, 100
1.3951597213745117, 340, 88.09999999999991
1.4016249179840088, 347, 73.84999999999991
1.4087271690368652, 354, 59.24999999999991
1.4146111011505127, 360, 44.54999999999991
1.421316146850586, 370, 28.549999999999912
1.4284298419952393, 376, 13.049999999999912
1.434516191482544, 382, -2.7500000000000924
1.4419610500335693, 390, -19.350000000000087
1.4493091106414795, 395, -35.60000000000009
1.455355167388916, 402, -52.600000000000094
1.462770700454712, 408, -69.70000000000009
1.4700610637664795, 412, -86.6000000000001
1.4768104553222656, 415, -100
1.4824910163879395, 419, -100
1.490422248840332, 421, -100
1.497319221496582, 424, -100
1.5031232833862305, 426, -100
1.5099000930786133, 428, -100
1.5165503025054932, 429, -100
1.5220820903778076, 430, -100
1.5292317867279053, 430, -100
1.5350639820098877, 430, -100
1.5422823429107666, 429, -100
1.5495643615722656, 428, -100
1.5554654598236084, 426, -100
1.5626213550567627, 425, -100
1.569840669631958, 422, -100
1.5760962963104248, 420, -100
1.582012414932251, 417, -100
1.5892360210418701, 414, -100
1.5982871055603027, 409, -100
1.6040949821472168, 405, -100
1.610720157623291, 400, -100
1.6175768375396729, 396, -100
1.623533010482788, 392, -100
1.6299324035644531, 387, -100
1.636626958847046, 382, -100
1.6436347961425781, 376, -100
1.6501057147979736, 371, -100
1.6567211151123047, 366, -100
1.664501428604126, 358, -100
1.6720938682556152, 351, -100
1.6795918941497803, 346, -100
1.6907551288604736, 338, -100
1.6987948417663574, 326, -100
1.7045540809631348, 320, -100
1.7112605571746826, 312, -100
1.7178988456726074, 306, -100
1.723931074142456, 300, -100
1.7304463386535645, 294, -100
1.737267017364502, 288, -100
1.742765188217163, 279, -100
1.7503738403320312, 273, -100
1.7572214603424072, 267, -100
1.7626800537109375, 258, -100
1.7705419063568115, 252, -100
1.77773118019104, 243, -100
1.783747673034668, 237, -100
1.7903423309326172, 230, -100
1.7982690334320068, 224, -100
1.8093290328979492, 211, -100
1.8152189254760742, 202, -100
1.8215358257293701, 196, -100
1.8284525871276855, 189, -100
1.8343350887298584, 182, -100
1.8407409191131592, 174, -100
1.8506739139556885, 167, -100
1.8647427558898926, 149, -100
1.8812556266784668, 134, -100
1.8943922519683838, 121, -100
1.9093787670135498, 105, -100
1.9271581172943115, 90, -100
1.9327404499053955, 72, -100
1.949592113494873, 61, -100
1.9614500999450684, 46, -100
1.9766902923583984, 32, -100
1.9842853546142578, 16, -100
1.9905788898468018, 8, -100
1.997422456741333, 3, -100
2.0032880306243896, -6, -100
2.009849786758423, -12, -100
2.0160880088806152, -19, -100
2.031858444213867, -32, -100
2.045084238052368, -48, -100
2.0520074367523193, -58, -100
2.059213876724243, -65, -100
2.06508731842041, -74, -100
2.0723648071289062, -81, -100
2.0803449153900146, -90, -100
2.0913405418395996, -96, -100
2.097928524017334, -110, -100
2.104295253753662, -116, -100
2.110769510269165, -125, -100
2.1176297664642334, -132, -100
2.123793840408325, -138, -100
2.1312503814697266, -145, -100
2.137868881225586, -154, -100
2.1438701152801514, -161, -100
2.1502602100372314, -167, -100
2.1571106910705566, -174, -100
2.1627345085144043, -183, -100
2.1698837280273438, -190, -100
2.177704095840454, -198, -100
2.184584856033325, -205, -100
2.191092014312744, -214, -100
2.197744607925415, -221, -100
2.2037625312805176, -228, -100
2.210174083709717, -234, -100
2.2168028354644775, -241, -100
2.2226927280426025, -250, -100
2.2296831607818604, -256, -100
2.2378268241882324, -266, -100
2.243910789489746, -272, -100
2.2503092288970947, -279, -100
2.257185220718384, -286, -100
2.2626473903656006, -294, -100
2.269660711288452, -301, -100
2.277278184890747, -308, -100
2.2844603061676025, -317, -95.85000000000039
2.2913317680358887, -326, -73.25000000000038
2.2984771728515625, -332, -50.95000000000039
2.304520845413208, -339, -28.100000000000378
2.31123948097229, -347, -4.650000000000375
2.317965507507324, -353, 18.699999999999633
2.3241283893585205, -359, 42.34999999999964
2.330670118331909, -366, 66.54999999999963
2.339085817337036, -371, 90.59999999999962
2.3447587490081787, -376, 100
2.3512842655181885, -380, 100
2.3578848838806152, -384, 100
2.363877058029175, -386, 100
2.370272636413574, -389, 100
2.3777647018432617, -392, 100
2.385040521621704, -394, 100
2.3913068771362305, -396, 100
2.3997480869293213, -397, 100
2.4055511951446533, -397, 100
2.411834239959717, -397, 100
2.4187097549438477, -397, 100
2.424407958984375, -396, 100
2.43084979057312, -395, 100
2.438758373260498, -393, 100
2.444512128829956, -392, 100
2.450824499130249, -388, 100
2.457704544067383, -386, 100
2.463845729827881, -383, 100
2.4702675342559814, -380, 100
2.479158878326416, -376, 100
2.4917240142822266, -370, 100
2.499296188354492, -361, 100
2.505155563354492, -355, 100
2.5115714073181152, -350, 100
2.5187172889709473, -345, 100
2.5244696140289307, -340, 100
2.5307719707489014, -332, 100
2.5384676456451416, -327, 100
2.5443108081817627, -321, 100
2.5506293773651123, -314, 100
2.55751633644104, -310, 100
2.563648223876953, -302, 100
2.5700414180755615, -296, 100
2.576686382293701, -290, 100
2.5837154388427734, -281, 100
2.591486930847168, -275, 100
2.598266363143921, -266, 100
2.604041814804077, -260, 100
2.610525608062744, -254, 100
2.617377281188965, -247, 100
2.6231250762939453, -238, 100
2.629709005355835, -232, 100
2.6355223655700684, -225, 100
2.6428377628326416, -216, 100
2.6497437953948975, -210, 100
2.655510663986206, -203, 100
2.661781072616577, -196, 100
2.6687161922454834, -190, 100
2.6747822761535645, -180, 100
2.6813316345214844, -174, 100
2.690418243408203, -167, 100
2.697234869003296, -158, 100
2.702836036682129, -148, 100
2.7097339630126953, -142, 100
2.715538263320923, -135, 100
2.721813440322876, -128, 100
2.7287044525146484, -121, 100
2.73445463180542, -114, 100
2.741847515106201, -105, 100
2.7487480640411377, -98, 100
2.754516124725342, -91, 100
2.7612688541412354, -82, 100
2.7678675651550293, -74, 100
2.7738864421844482, -68, 100
2.7802891731262207, -61, 100
2.7877843379974365, -54, 100
2.795189619064331, -44, 100
2.8014931678771973, -35, 100
2.808403968811035, -28, 100
2.8142566680908203, -21, 100
2.820742130279541, -12, 100
2.8276116847991943, -4, 100
2.833615303039551, 2, 100
2.839972972869873, 9, 100
2.847567558288574, 19, 100
2.8535475730895996, 26, 100
2.8599698543548584, 33, 100
2.866645097732544, 40, 100
2.8722355365753174, 47, 100
2.8794944286346436, 54, 100
2.8871264457702637, 63, 100
2.8994922637939453, 78, 100
2.9053306579589844, 87, 100
2.911768674850464, 94, 100
2.9188029766082764, 101, 100
2.924541711807251, 108, 100
2.930830955505371, 118, 100
2.9377026557922363, 124, 100
2.9447121620178223, 132, 100
2.951387882232666, 141, 100
2.9579708576202393, 148, 100
2.9639596939086914, 155, 100
2.970381259918213, 162, 100
2.977189064025879, 169, 100
2.9826321601867676, 178, 100
2.990255117416382, 186, 100
2.9987027645111084, 193, 100
3.0044662952423096, 202, 100
3.0107905864715576, 212, 100
3.017641544342041, 219, 100
3.023613452911377, 226, 100
3.030008316040039, 233, 100
3.0366525650024414, 240, 100
3.04209566116333, 247, 100
3.0499393939971924, 256, 100
3.056577444076538, 264, 100
3.0623605251312256, 273, 100
3.0694267749786377, 278, 100
3.0753026008605957, 287, 100
3.081705093383789, 294, 100
3.089592218399048, 301, 100
3.097381591796875, 310, 100
3.1031689643859863, 320, 100
3.109825849533081, 327, 100
3.1156766414642334, 334, 100
3.1220438480377197, 341, 100
3.1291186809539795, 348, 100
3.1346402168273926, 355, 100
3.141164541244507, 364, 100
3.1488144397735596, 372, 100
3.1545627117156982, 379, 100
3.1608400344848633, 388, 100
3.167726993560791, 395, 100
3.1736960411071777, 402, 100
3.180224895477295, 409, 100
3.186758041381836, 416, 100
3.1939733028411865, 426, 100
3.202785015106201, 438, 100
3.209850788116455, 444, 100
3.216078519821167, 452, 100
3.2219786643981934, 459, 100
3.2291247844696045, 466, 100
3.236074209213257, 473, 100
3.2422027587890625, 482, 100
3.2500391006469727, 490, 100
3.2566709518432617, 499, 100
3.2622389793395996, 506, 100
3.2693405151367188, 513, 100
3.2751781940460205, 522, 100
3.281479597091675, 530, 100
3.294278860092163, 536, 100
3.303339719772339, 553, 100
3.3102266788482666, 562, 100
3.3167805671691895, 570, 100
3.322606325149536, 579, 100
3.329622983932495, 586, 100
3.3354268074035645, 593, 100
3.3419113159179688, 600, 76.49999999999991
3.349276304244995, 608, 48.9999999999999
3.356814384460449, 617, 20.84999999999991
3.363131046295166, 626, -7.750000000000085
3.369950294494629, 632, -36.0500000000001
3.376742362976074, 638, -64.6500000000001
3.3826284408569336, 645, -93.8000000000001
3.389749050140381, 650, -100
3.395591974258423, 654, -100
3.4043471813201904, 660, -100
3.4107537269592285, 664, -100
3.430603504180908, 672, -100
3.437462091445923, 674, -100
3.4438846111297607, 676, -100
3.4504220485687256, 677, -100
3.4584832191467285, 678, -100
3.464358329772949, 678, -100
3.471309185028076, 677, -100
3.477879524230957, 676, -100
3.4841315746307373, 675, -100
3.4907329082489014, 673, -100
3.4976155757904053, 671, -100
3.505568742752075, 668, -100
3.5118677616119385, 665, -100
3.5187509059906006, 662, -100
3.524519205093384, 659, -100
3.531080484390259, 654, -100
3.537724733352661, 650, -100
3.543931722640991, 646, -100
3.5503573417663574, 642, -100
3.5579960346221924, 638, -100
3.5639867782592773, 632, -100
3.5703821182250977, 627, -100
3.5772154331207275, 622, -100
3.582709312438965, 615, -100
3.5897281169891357, 610, -100
3.595590591430664, 604, -100
3.6032819747924805, 599, -100
3.6108529567718506, 589, -100
3.6177546977996826, 584, -100
3.6240174770355225, 578, -100
3.63043212890625, 572, -100
3.6372599601745605, 566, -100
3.6427879333496094, 558, -100
3.6497926712036133, 552, -100
3.657478094100952, 546, -100
3.6636860370635986, 537, -100
3.6701366901397705, 531, -100
3.6767876148223877, 525, -100
3.682522773742676, 516, -100
3.689584493637085, 512, -100
3.7006442546844482, 499, -100
3.709230422973633, 490, -100
3.715104818344116, 482, -100
3.7216744422912598, 476, -100
3.7288260459899902, 469, -100
3.7346227169036865, 462, -100
3.741223096847534, 454, -100
3.747875213623047, 447, -100
3.753952980041504, 440, -100
3.761317253112793, 434, -100
3.767948865890503, 425, -100
3.774001121520996, 418, -100
3.7805838584899902, 412, -100
3.787442922592163, 406, -100
3.7933619022369385, 396, -100
3.799914836883545, 390, -100
3.809225082397461, 381, -100
3.8151323795318604, 372, -100
3.821510076522827, 366, -100
3.8283531665802, 359, -100
3.834293842315674, 352, -100
3.8411262035369873, 343, -100
3.847768545150757, 336, -100
3.853846788406372, 330, -100
3.861412286758423, 323, -100
3.8682472705841064, 314, -100
3.874087333679199, 308, -100
3.880575656890869, 298, -100
3.887481689453125, 294, -100
3.893472909927368, 285, -100
3.900082588195801, 278, -100
3.907973527908325, 270, -100
3.91516375541687, 261, -100
3.9215362071990967, 254, -100
3.9283928871154785, 247, -100
3.9343292713165283, 240, -100
3.940727710723877, 232, -100
3.9476470947265625, 225, -100
3.9537196159362793, 218, -100
3.961355447769165, 212, -100
3.968022346496582, 202, -100
3.9740638732910156, 196, -100
3.9805781841278076, 187, -100
3.987513542175293, 182, -100
3.9937448501586914, 174, -100
4.001647233963013, 164, -100
4.012444734573364, 153, -100
4.019904136657715, 144, -100
4.026572227478027, 138, -100
4.032202243804932, 131, -100
4.03935694694519, 124, -100
4.0452797412872314, 115, -100
4.051612615585327, 108, -100
4.058592319488525, 102, -100
4.065599679946899, 95, -100
4.071921348571777, 86, -100
4.079150915145874, 80, -100
4.084729194641113, 70, -100
4.091302871704102, 64, -100
4.102615118026733, 50, -100
4.110394716262817, 44, -100
4.11874532699585, 34, -100
4.1244730949401855, 28, -100
4.130807876586914, 19, -100
4.137690305709839, 12, -100
4.143846750259399, 6, -100
4.150232553482056, -1, -100
4.156832218170166, -8, -100
4.162548780441284, -17, -100
4.1701154708862305, -24, -100
4.176730632781982, -30, -100
4.182352066040039, -39, -100
4.189395427703857, -44, -100
4.195240497589111, -53, -100
4.201723575592041, -60, -100
4.209686517715454, -66, -100
4.217603445053101, -75, -100
4.223603010177612, -84, -100
4.230048894882202, -91, -100
4.237591743469238, -100, -100
4.2436065673828125, -106, -100
4.250239849090576, -113, -100
4.2570836544036865, -120, -100
4.262722015380859, -129, -100
4.27034068107605, -136, -100
4.277166843414307, -142, -100
4.282634258270264, -151, -100
4.289654493331909, -158, -100
4.29546046257019, -165, -100
4.301746129989624, -172, -100
4.309583425521851, -178, -100
4.317464828491211, -187, -100
4.323689222335815, -196, -100
4.330087900161743, -203, -100
4.3366687297821045, -210, -100
4.342485189437866, -216, -100
4.3495142459869385, -223, -100
4.355370044708252, -232, -100
4.361653566360474, -238, -100
4.369619607925415, -245, -100
4.375470161437988, -254, -100
4.381964206695557, -261, -100
4.388827323913574, -268, -100
4.394564628601074, -274, -100
4.401103258132935, -284, -100
4.407757520675659, -290, -100
4.414670944213867, -297, -100
4.421969890594482, -306, -100
4.429158687591553, -312, -100
4.434741258621216, -322, -100
4.441436529159546, -328, -100
4.448023557662964, -335, -100
4.453986883163452, -342, -100
4.46040153503418, -348, -100
4.467221260070801, -355, -100
4.473865509033203, -364, -100
4.480389356613159, -371, -100
4.487279653549194, -378, -100
4.492771148681641, -386, -100
4.503939867019653, -398, -100
4.51178240776062, -404, -74.40000000000015
4.520291566848755, -413, -47.450000000000145
4.527307987213135, -422, -20.050000000000153
4.533537149429321, -430, 7.549999999999841
4.54009747505188, -436, 35.04999999999984
4.546816110610962, -442, 62.849999999999845
4.553269624710083, -449, 91.19999999999985
4.56023097038269, -454, 100
4.566821336746216, -458, 100
4.57381796836853, -463, 100
4.580338478088379, -466, 100
4.587100982666016, -469, 100
4.592569351196289, -472, 100
4.599586248397827, -474, 100
4.605369806289673, -476, 100
4.612625598907471, -478, 100
4.61997389793396, -478, 100
4.627610445022583, -479, 100
4.633573770523071, -479, 100
4.640105247497559, -478, 100
4.646680593490601, -478, 100
4.652268171310425, -476, 100
4.659330129623413, -476, 100
4.665173053741455, -473, 100
4.67227840423584, -471, 100
4.679590702056885, -468, 100
4.685401916503906, -465, 100
4.691665887832642, -462, 100
4.698584079742432, -458, 100
4.704336166381836, -454, 100
4.7106568813323975, -449, 100
4.718748092651367, -444, 100
4.725531101226807, -440, 100
4.731773138046265, -433, 100
4.73884129524231, -428, 100
4.744552850723267, -423, 100
4.75082802772522, -416, 100
4.757707834243774, -410, 100
4.763688325881958, -404, 100
4.770229339599609, -399, 100
4.777766466140747, -393, 100
4.783718109130859, -385, 100
4.790103435516357, -379, 100
4.798456907272339, -373, 100
4.805101633071899, -362, 100
4.81148099899292, -356, 100
4.820667266845703, -346, 100
4.828805208206177, -339, 100
4.83455753326416, -333, 100
4.84108829498291, -324, 100
4.847713947296143, -318, 100
4.853740453720093, -311, 100
4.860302925109863, -304, 100
4.867079496383667, -298, 100
4.8725807666778564, -289, 100
4.8801634311676025, -282, 100
4.886734485626221, -275, 100
4.892365217208862, -266, 100
4.9037535190582275, -262, 100
4.9104156494140625, -248, 100
4.9178924560546875, -241, 100
4.924487590789795, -232, 100
4.931854963302612, -223, 100
4.938757419586182, -216, 100
4.944506406784058, -209, 100
4.9508020877838135, -200, 100
4.957692623138428, -193, 100
4.963730096817017, -186, 100
4.970123052597046, -179, 100
4.976715326309204, -172, 100
4.9837329387664795, -163, 100
4.990116596221924, -156, 100
4.996737718582153, -149, 100
5.002362489700317, -140, 100
