0.010390520095825195, 0, 18.1575
0.018445730209350586, 0, 18.315
0.026304006576538086, 1, 18.27075
0.0330352783203125, 1, 18.4265
0.04061150550842285, 1, 18.582250000000002
0.046694040298461914, 1, 18.738
0.05334210395812988, 1, 18.89375
0.06029868125915527, 2, 18.84775
0.06652498245239258, 3, 18.8
0.07294011116027832, 3, 18.952250000000003
0.0795900821685791, 4, 18.90275
0.08535265922546387, 5, 18.8515
0.09317636489868164, 5, 19.00025
0.10007929801940918, 6, 18.94725
0.1059114933013916, 7, 18.892500000000002
0.11276602745056152, 8, 18.836000000000002
0.1195230484008789, 9, 18.777749999999997
0.12632441520690918, 10, 18.71775
0.13306379318237305, 11, 18.656
0.1399393081665039, 12, 18.5925
0.14684081077575684, 13, 18.527250000000002
0.1533665657043457, 15, 18.2585
0.1602783203125, 15, 18.38975
0.16616177558898926, 16, 18.31925
0.17290067672729492, 17, 18.247
0.17958402633666992, 18, 18.173000000000002
0.18539690971374512, 19, 18.097250000000003
0.19340753555297852, 21, 17.818
0.20036697387695312, 22, 17.737000000000002
0.2065269947052002, 23, 17.65425
0.21300530433654785, 24, 17.56975
0.21968507766723633, 25, 17.4835
0.2266848087310791, 26, 17.3955
0.23366570472717285, 27, 17.305750000000003
0.24065303802490234, 29, 17.012500000000003
0.24789786338806152, 30, 16.9175
0.254345178604126, 31, 16.82075
0.2612488269805908, 32, 16.722250000000003
0.26718807220458984, 33, 16.622
0.2735579013824463, 34, 16.520000000000003
0.28049468994140625, 35, 16.41625
0.2865898609161377, 36, 16.31075
0.29897475242614746, 37, 16.203500000000002
0.30542516708374023, 39, 15.892750000000003
0.3126821517944336, 40, 15.78025
0.31937146186828613, 41, 15.666
0.32674622535705566, 42, 15.55
0.3335299491882324, 43, 15.43225
0.3405165672302246, 45, 15.111
0.347470760345459, 45, 15.18975
0.3542599678039551, 47, 14.865
0.36110377311706543, 47, 14.94025
0.3669450283050537, 48, 14.81375
0.37346696853637695, 49, 14.685500000000001
0.38042306900024414, 50, 14.555500000000002
0.3865227699279785, 51, 14.423750000000002
0.39299464225769043, 52, 14.29025
0.4006962776184082, 53, 14.155000000000001
0.40677690505981445, 54, 14.018
0.4133944511413574, 55, 13.87925
0.42035746574401855, 56, 13.738750000000001
0.42732787132263184, 57, 13.596500000000002
0.4342360496520996, 58, 13.4525
0.4408867359161377, 59, 13.306750000000001
0.4480593204498291, 59, 13.361
0.4545454978942871, 60, 13.213500000000002
0.4615328311920166, 61, 13.064250000000001
0.4673779010772705, 62, 12.913250000000001
0.47417616844177246, 63, 12.7605
0.4808530807495117, 63, 12.807750000000002
0.4869096279144287, 64, 12.653250000000002
0.49339795112609863, 65, 12.497000000000002
0.5012412071228027, 66, 12.339000000000002
0.5072040557861328, 67, 12.179250000000001
0.5136318206787109, 67, 12.219500000000002
0.5206038951873779, 68, 12.058000000000002
0.5275881290435791, 69, 11.894750000000002
0.5345590114593506, 70, 11.729750000000003
0.5415651798248291, 71, 11.563
0.5484535694122314, 71, 11.596250000000001
0.5548036098480225, 72, 11.427750000000001
0.5619874000549316, 73, 11.2575
0.5679037570953369, 73, 11.28725
0.5742692947387695, 74, 11.115250000000001
0.5812959671020508, 75, 10.941500000000001
0.5872774124145508, 75, 10.96775
0.5940999984741211, 76, 10.792250000000001
0.6021733283996582, 77, 10.615
0.6081352233886719, 77, 10.63775
0.6145150661468506, 78, 10.458750000000002
0.6215147972106934, 79, 10.278000000000002
0.6283276081085205, 79, 10.297250000000002
0.6349043846130371, 80, 10.11475
0.6421608924865723, 81, 9.930500000000002
0.6481325626373291, 81, 9.946250000000001
0.6555764675140381, 82, 9.760250000000001
0.6625936031341553, 83, 9.572500000000002
0.6688802242279053, 83, 9.584750000000001
0.674842357635498, 83, 9.597000000000001
0.6821122169494629, 84, 9.407500000000002
0.6880505084991455, 85, 9.21625
0.6983194351196289, 85, 9.225000000000001
0.7061154842376709, 86, 9.032000000000002
0.7130324840545654, 87, 8.837250000000001
0.7206473350524902, 87, 8.842500000000001
0.7279837131500244, 87, 8.847750000000001
0.7345626354217529, 88, 8.651250000000001
0.7415359020233154, 89, 8.453000000000001
0.7473418712615967, 89, 8.45475
0.7551038265228271, 89, 8.456500000000002
0.7622690200805664, 90, 8.256500000000003
0.7681491374969482, 90, 8.256500000000003
0.7746682167053223, 91, 8.054750000000002
0.7815613746643066, 91, 8.053000000000003
0.7873575687408447, 91, 8.051250000000001
0.7940266132354736, 92, 7.847750000000001
0.803114652633667, 93, 7.642500000000002
0.8100268840789795, 93, 7.637250000000002
0.815523624420166, 93, 7.6320000000000014
0.8225722312927246, 94, 7.425000000000002
0.8308768272399902, 94, 7.418000000000002
0.8383357524871826, 95, 7.209250000000001
0.8452248573303223, 95, 7.200500000000002
0.8523952960968018, 95, 7.191750000000001
0.8600952625274658, 96, 6.98125
0.8659234046936035, 96, 6.97075
0.8726277351379395, 96, 6.960249999999999
0.8793818950653076, 97, 6.747999999999999
0.8850884437561035, 97, 6.7357499999999995
0.892448902130127, 97, 6.7235
0.8983314037322998, 97, 6.71125
0.9059617519378662, 98, 6.497250000000001
0.9127326011657715, 98, 6.48325
0.9194498062133789, 99, 6.267500000000001
0.9251184463500977, 99, 6.251750000000002
0.9323227405548096, 99, 6.2360000000000015
0.939690351486206, 99, 6.220250000000003
0.945936918258667, 99, 6.204500000000002
0.9528608322143555, 100, 5.987000000000003
0.9605650901794434, 100, 5.969500000000003
0.9666545391082764, 100, 5.952000000000003
0.9732434749603271, 101, 5.732750000000002
0.9801497459411621, 101, 5.713500000000002
0.9861123561859131, 101, 5.694250000000001
0.9927387237548828, 101, 5.675000000000001
0.9994678497314453, 101, 5.65575
1.0064094066619873, 102, 5.43475
1.0131196975708008, 102, 5.41375
1.0200088024139404, 102, 5.39275
1.0255358219146729, 102, 5.3717500000000005
1.0326242446899414, 102, 5.350750000000001
1.0403587818145752, 103, 5.128000000000002
1.0466928482055664, 103, 5.105250000000002
1.0531907081604004, 103, 5.082500000000001
1.0611255168914795, 103, 5.059750000000001
1.0669736862182617, 103, 5.037000000000001
1.0736114978790283, 103, 5.0142500000000005
1.080559253692627, 103, 4.9915
1.0866374969482422, 104, 4.7669999999999995
1.0931379795074463, 104, 4.7425
1.1039700508117676, 104, 4.718
1.1120989322662354, 104, 4.693500000000002
1.1180469989776611, 105, 4.467250000000002
1.1245231628417969, 105, 4.441000000000002
1.1319191455841064, 105, 4.4147500000000015
1.1388747692108154, 105, 4.388500000000001
1.1452786922454834, 105, 4.362250000000001
1.152402639389038, 105, 4.336000000000001
1.1599609851837158, 105, 4.309750000000001
1.1654980182647705, 105, 4.283500000000002
1.1725399494171143, 105, 4.257250000000002
1.1784601211547852, 105, 4.231000000000002
1.1848182678222656, 105, 4.2047500000000015
1.1922988891601562, 105, 4.178500000000001
1.1982049942016602, 105, 4.152250000000001
1.2046666145324707, 105, 4.126000000000001
1.212557077407837, 105, 4.099750000000001
1.218515396118164, 105, 4.073500000000002
1.2248413562774658, 105, 4.047250000000002
1.2322893142700195, 105, 4.021000000000002
1.239675760269165, 105, 3.9947500000000016
1.2459721565246582, 105, 3.9685000000000015
1.2528784275054932, 105, 3.9422500000000014
1.2604904174804688, 105, 3.9160000000000013
1.2665705680847168, 105, 3.889750000000001
1.27305006980896, 105, 3.863500000000001
1.2796823978424072, 105, 3.837250000000002
1.2854323387145996, 105, 3.8110000000000017
1.2925481796264648, 105, 3.7847500000000016
1.2984652519226074, 105, 3.7585000000000015
1.3048090934753418, 105, 3.7322500000000014
1.3128976821899414, 105, 3.7060000000000013
1.3195197582244873, 105, 3.679750000000001
1.3252153396606445, 105, 3.653500000000001
1.3323941230773926, 105, 3.627250000000002
1.339972734451294, 105, 3.6010000000000018
1.3459556102752686, 105, 3.5747500000000016
1.352707862854004, 105, 3.5485000000000015
1.3594555854797363, 105, 3.5222500000000014
1.3668205738067627, 105, 3.4960000000000013
1.3735220432281494, 105, 3.4697500000000012
1.3804337978363037, 105, 3.443500000000001
1.3865547180175781, 105, 3.417250000000001
1.3930158615112305, 105, 3.391000000000002
1.3996899127960205, 105, 3.3647500000000017
1.4054553508758545, 105, 3.3385000000000016
1.413262128829956, 105, 3.3122500000000015
1.420196533203125, 105, 3.2860000000000014
1.4265549182891846, 105, 3.2597500000000013
1.43318510055542, 105, 3.233500000000001
1.4407050609588623, 105, 3.207250000000001
1.4471144676208496, 105, 3.181000000000002
1.4535331726074219, 105, 3.1547500000000017
1.4604902267456055, 105, 3.1285000000000016
1.4673421382904053, 105, 3.1022500000000015
1.4740495681762695, 105, 3.0760000000000014
1.480689525604248, 105, 3.0497500000000013
1.4867799282073975, 105, 3.023500000000001
1.4934742450714111, 105, 2.997250000000001
1.504117727279663, 105, 2.971000000000001
1.5107736587524414, 105, 2.9447500000000018
1.5181524753570557, 105, 2.9185000000000016
1.5246789455413818, 105, 2.8922500000000015
1.5319008827209473, 105, 2.8660000000000014
1.537548303604126, 105, 2.8397500000000013
1.5452041625976562, 105, 2.8135000000000012
1.5525407791137695, 105, 2.787250000000001
1.558455467224121, 105, 2.761000000000001
1.5661134719848633, 105, 2.734750000000001
1.5727627277374268, 105, 2.7085000000000017
1.57948637008667, 105, 2.6822500000000016
1.5851242542266846, 105, 2.6560000000000015
1.5922961235046387, 105, 2.6297500000000014
1.600419521331787, 105, 2.6035000000000013
1.6065032482147217, 105, 2.577250000000001
1.613222360610962, 105, 2.551000000000001
1.621283769607544, 105, 2.524750000000001
1.627228021621704, 105, 2.4985000000000017
1.633629560470581, 105, 2.4722500000000016
1.6424450874328613, 105, 2.4460000000000015
1.6501154899597168, 105, 2.4197500000000014
1.6563057899475098, 105, 2.3935000000000013
1.6627955436706543, 105, 2.367250000000001
1.670548677444458, 105, 2.341000000000001
1.6767826080322266, 105, 2.314750000000001
1.683218002319336, 105, 2.288500000000001
1.6900618076324463, 105, 2.2622500000000016
1.6959044933319092, 105, 2.2360000000000015
1.702634334564209, 105, 2.2097500000000014
1.7089853286743164, 105, 2.1835000000000013
1.7161929607391357, 105, 2.1572500000000012
1.7236721515655518, 105, 2.131000000000001
1.7305655479431152, 105, 2.104750000000001
1.7368357181549072, 105, 2.078500000000001
1.7433366775512695, 105, 2.0522500000000017
1.75197172164917, 105, 2.0260000000000016
1.757620096206665, 105, 1.9997500000000015
1.7642714977264404, 105, 1.9735000000000014
1.7723071575164795, 105, 1.9472500000000013
1.778212547302246, 105, 1.9210000000000012
1.7845568656921387, 105, 1.894750000000001
1.7916743755340576, 105, 1.868500000000001
1.7975029945373535, 105, 1.8422500000000008
1.8041043281555176, 105, 1.8160000000000016
1.810784101486206, 105, 1.7897500000000015
1.8168463706970215, 105, 1.7635000000000014
1.8242771625518799, 105, 1.7372500000000013
1.831122636795044, 105, 1.7110000000000012
1.8369879722595215, 105, 1.684750000000001
1.8435006141662598, 105, 1.658500000000001
1.8516099452972412, 105, 1.6322500000000009
1.8579561710357666, 105, 1.6060000000000016
1.8643672466278076, 105, 1.5797500000000015
1.8722436428070068, 105, 1.5535000000000014
1.8781569004058838, 105, 1.5272500000000013
1.8846898078918457, 105, 1.5010000000000012
1.891970157623291, 105, 1.4747500000000011
1.9028546810150146, 105, 1.448500000000001
1.9095048904418945, 105, 1.422250000000001
1.9155254364013672, 105, 1.3960000000000008
1.923525333404541, 105, 1.3697500000000016
1.9304194450378418, 105, 1.3435000000000015
1.9365339279174805, 105, 1.3172500000000014
1.9429781436920166, 105, 1.2910000000000013
1.9507646560668945, 105, 1.2647500000000012
1.9571518898010254, 105, 1.238500000000001
1.9635236263275146, 105, 1.212250000000001
1.9704318046569824, 105, 1.1860000000000008
1.9774830341339111, 105, 1.1597500000000016
1.9841268062591553, 105, 1.1335000000000015
1.9908192157745361, 105, 1.1072500000000014
1.9968860149383545, 105, 1.0810000000000013
2.003406524658203, 105, 1.0547500000000012
2.0103354454040527, 105, 1.028500000000001
2.0165627002716064, 105, 1.002250000000001
2.023928642272949, 105, 0.9760000000000013
2.0306830406188965, 105, 0.9497500000000012
2.0369040966033936, 105, 0.9235000000000011
2.0434014797210693, 105, 0.897250000000001
2.051262617111206, 105, 0.8710000000000013
2.057502269744873, 105, 0.8447500000000012
2.0640883445739746, 105, 0.8185000000000011
2.071227788925171, 105, 0.792250000000001
2.0782129764556885, 105, 0.7660000000000013
2.0846002101898193, 105, 0.7397500000000012
2.0919551849365234, 105, 0.7135000000000011
2.097564458847046, 105, 0.687250000000001
2.104188919067383, 105, 0.6610000000000014
2.11083984375, 105, 0.6347500000000013
2.116914749145508, 105, 0.6085000000000012
2.1244378089904785, 105, 0.582250000000001
2.1314377784729004, 105, 0.5560000000000009
2.137277841567993, 105, 0.5297500000000013
2.144089937210083, 105, 0.5035000000000012
2.152165651321411, 105, 0.47725000000000106
2.1582789421081543, 105, 0.45100000000000096
2.1646668910980225, 105, 0.4247500000000013
2.1716549396514893, 105, 0.3985000000000012
2.1785197257995605, 105, 0.3722500000000011
2.184865713119507, 105, 0.346000000000001
2.192152261734009, 105, 0.3197500000000013
2.1981499195098877, 105, 0.2935000000000012
2.2045040130615234, 105, 0.2672500000000011
2.211653709411621, 105, 0.241000000000001
2.2174761295318604, 105, 0.21475000000000088
2.224094867706299, 105, 0.18850000000000122
2.23232364654541, 105, 0.16225000000000112
2.238213062286377, 105, 0.136000000000001
2.244551420211792, 105, 0.1097500000000009
2.2524611949920654, 105, 0.08350000000000124
2.258983612060547, 105, 0.05725000000000113
2.265061140060425, 105, 0.031000000000001027
2.2724504470825195, 105, 0.00475000000000092
2.2800827026367188, 105, -0.021499999999998742
2.2891547679901123, 105, -0.04774999999999885
2.3023290634155273, 105, -0.07399999999999896
2.3082544803619385, 105, -0.10024999999999906
2.3159852027893066, 105, -0.12649999999999872
2.323277711868286, 105, -0.15274999999999883
2.331468105316162, 105, -0.17899999999999894
2.3373215198516846, 105, -0.20524999999999904
2.3441240787506104, 105, -0.23149999999999915
2.3520398139953613, 105, -0.2577499999999988
2.358215570449829, 105, -0.2839999999999989
2.3645801544189453, 105, -0.310249999999999
2.3715431690216064, 105, -0.33649999999999913
2.378455638885498, 105, -0.3627499999999988
2.384812355041504, 105, -0.3889999999999989
2.3921844959259033, 105, -0.415249999999999
2.4003279209136963, 105, -0.4414999999999991
2.406580924987793, 105, -0.4677499999999988
2.413123607635498, 105, -0.4939999999999989
2.420025587081909, 105, -0.520249999999999
2.4256341457366943, 105, -0.5464999999999991
2.4331929683685303, 105, -0.5727499999999988
2.440077781677246, 105, -0.5989999999999989
2.4459118843078613, 105, -0.625249999999999
2.4544711112976074, 105, -0.6514999999999991
2.4625370502471924, 105, -0.6777499999999992
2.4694766998291016, 105, -0.7039999999999988
2.4751298427581787, 105, -0.730249999999999
2.482949733734131, 105, -0.7564999999999991
2.4896445274353027, 105, -0.7827499999999992
2.495410680770874, 105, -0.8089999999999988
2.502502679824829, 105, -0.8352499999999989
2.5083937644958496, 105, -0.861499999999999
2.5148985385894775, 105, -0.8877499999999992
2.52215838432312, 105, -0.9139999999999988
2.528135061264038, 105, -0.9402499999999989
2.535557270050049, 105, -0.966499999999999
2.5425891876220703, 105, -0.9927499999999991
2.5489964485168457, 105, -1.018999999999999
2.555115222930908, 105, -1.0452499999999991
2.5628397464752197, 105, -1.071499999999999
2.5699007511138916, 105, -1.0977499999999991
2.575623035430908, 105, -1.123999999999999
2.583444118499756, 105, -1.150249999999999
2.590399742126465, 105, -1.176499999999999
2.5965301990509033, 105, -1.202749999999999
2.603005886077881, 105, -1.228999999999999
2.609689950942993, 105, -1.255249999999999
2.6154632568359375, 105, -1.281499999999999
2.6225507259368896, 105, -1.307749999999999
2.6284892559051514, 105, -1.333999999999999
2.6363461017608643, 105, -1.360249999999999
2.6429262161254883, 105, -1.386499999999999
2.6495983600616455, 105, -1.412749999999999
2.6553993225097656, 105, -1.438999999999999
2.663097858428955, 105, -1.465249999999999
2.670252799987793, 105, -1.4914999999999992
2.6761741638183594, 105, -1.517749999999999
2.6835179328918457, 105, -1.5439999999999992
2.6904666423797607, 105, -1.570249999999999
2.6967360973358154, 105, -1.5964999999999991
2.7069332599639893, 105, -1.622749999999999
2.714867115020752, 105, -1.6489999999999991
2.7223503589630127, 105, -1.675249999999999
2.7282521724700928, 105, -1.7014999999999991
2.735996723175049, 105, -1.727749999999999
2.742710828781128, 105, -1.7539999999999991
2.7495102882385254, 105, -1.780249999999999
2.755449056625366, 105, -1.806499999999999
2.7630858421325684, 105, -1.832749999999999
2.7702155113220215, 105, -1.858999999999999
2.7761623859405518, 105, -1.8852499999999992
2.7827577590942383, 105, -1.911499999999999
2.790294885635376, 105, -1.9377499999999992
2.796542167663574, 105, -1.963999999999999
2.8030216693878174, 105, -1.9902499999999992
2.8099565505981445, 105, -2.016499999999999
2.8156654834747314, 105, -2.042749999999999
2.82267165184021, 105, -2.068999999999999
2.82938289642334, 105, -2.095249999999999
2.8364672660827637, 105, -2.1214999999999993
2.8430631160736084, 105, -2.1477499999999994
2.84991192817688, 105, -2.173999999999999
2.855492353439331, 105, -2.200249999999999
2.863304853439331, 105, -2.2264999999999993
2.8705310821533203, 105, -2.252749999999999
2.876810312271118, 105, -2.278999999999999
2.883291721343994, 105, -2.305249999999999
2.8911659717559814, 105, -2.3314999999999992
2.8969922065734863, 105, -2.3577499999999993
2.903510332107544, 105, -2.383999999999999
2.910442352294922, 105, -2.410249999999999
2.9165265560150146, 105, -2.436499999999999
2.923161506652832, 105, -2.462749999999999
2.93003249168396, 105, -2.488999999999999
2.9356772899627686, 105, -2.515249999999999
2.9432990550994873, 105, -2.541499999999999
2.950232982635498, 105, -2.5677499999999993
2.956163167953491, 105, -2.593999999999999
2.963477849960327, 105, -2.620249999999999
2.970684051513672, 105, -2.646499999999999
2.9768009185791016, 105, -2.6727499999999993
2.9833786487579346, 105, -2.698999999999999
2.991626024246216, 105, -2.725249999999999
2.9974613189697266, 105, -2.751499999999999
3.004056930541992, 105, -2.7777499999999993
3.010763645172119, 105, -2.8039999999999994
3.016827344894409, 105, -2.830249999999999
3.0233378410339355, 105, -2.856499999999999
3.030308961868286, 105, -2.8827499999999993
3.0363824367523193, 105, -2.9089999999999994
3.0436441898345947, 105, -2.935249999999999
3.0505833625793457, 105, -2.961499999999999
3.0568718910217285, 105, -2.9877499999999992
3.064316987991333, 105, -3.0139999999999993
3.0715372562408447, 105, -3.040249999999999
3.077345371246338, 105, -3.066499999999999
3.0839202404022217, 105, -3.092749999999999
3.0919885635375977, 105, -3.1189999999999993
3.097867250442505, 105, -3.145249999999999
3.1081197261810303, 105, -3.171499999999999
3.114788055419922, 105, -3.197749999999999
3.1222474575042725, 105, -3.2239999999999993
3.1281590461730957, 105, -3.2502499999999994
3.1346852779388428, 105, -3.276499999999999
3.142679214477539, 105, -3.302749999999999
3.1493961811065674, 105, -3.3289999999999993
3.1550920009613037, 105, -3.3552499999999994
3.1623222827911377, 105, -3.381499999999999
3.1702611446380615, 105, -3.407749999999999
3.176508903503418, 105, -3.4339999999999993
3.1831886768341064, 105, -3.4602499999999994
3.1900720596313477, 105, -3.4864999999999995
3.1969358921051025, 105, -3.512749999999999
3.2048919200897217, 105, -3.5389999999999993
3.2121667861938477, 105, -3.5652499999999994
3.218132257461548, 105, -3.591499999999999
3.2245044708251953, 105, -3.617749999999999
3.2319154739379883, 105, -3.6439999999999992
3.2375781536102295, 105, -3.6702499999999993
3.2449347972869873, 105, -3.6964999999999995
3.2521700859069824, 105, -3.722749999999999
3.2581324577331543, 105, -3.748999999999999
3.26664400100708, 105, -3.7752499999999993
3.2742295265197754, 105, -3.8014999999999994
3.2816622257232666, 105, -3.827749999999999
3.287557363510132, 105, -3.853999999999999
3.295210599899292, 105, -3.8802499999999993
3.3023293018341064, 105, -3.9064999999999994
3.3082118034362793, 105, -3.9327499999999995
3.3147683143615723, 105, -3.958999999999999
3.3219797611236572, 105, -3.9852499999999993
3.3279497623443604, 105, -4.0115
3.334322452545166, 105, -4.037749999999999
3.3413007259368896, 105, -4.063999999999999
3.3493974208831787, 105, -4.090249999999999
3.355379581451416, 105, -4.116499999999999
3.3624513149261475, 105, -4.1427499999999995
3.368335008621216, 105, -4.169
3.376206398010254, 105, -4.19525
3.3827576637268066, 105, -4.221499999999999
3.3894853591918945, 105, -4.247749999999999
3.3964309692382812, 105, -4.273999999999999
3.4030611515045166, 105, -4.300249999999999
3.4099366664886475, 105, -4.326499999999999
3.415656805038452, 105, -4.3527499999999995
3.422696828842163, 105, -4.379
3.4294190406799316, 105, -4.40525
3.435088872909546, 105, -4.4315
3.442405939102173, 105, -4.457749999999999
3.4496757984161377, 105, -4.483999999999999
3.455463409423828, 105, -4.510249999999999
3.462531566619873, 105, -4.536499999999999
3.4684317111968994, 105, -4.562749999999999
3.476620674133301, 105, -4.5889999999999995
3.4831063747406006, 105, -4.61525
3.4900598526000977, 105, -4.641499999999999
3.4969229698181152, 105, -4.66775
3.508162498474121, 105, -4.693999999999999
3.5147554874420166, 105, -4.720249999999999
3.5222151279449463, 105, -4.746499999999999
3.528160810470581, 105, -4.772749999999999
3.534759044647217, 105, -4.7989999999999995
3.5420379638671875, 105, -4.82525
3.5494801998138428, 105, -4.8515
3.555131435394287, 105, -4.877749999999999
3.5622503757476807, 105, -4.904
3.5681536197662354, 105, -4.930249999999999
3.5755274295806885, 105, -4.956499999999999
3.5827698707580566, 105, -4.982749999999999
3.5895121097564697, 105, -5.0089999999999995
3.5954530239105225, 105, -5.03525
3.6030776500701904, 105, -5.061499999999999
3.609919548034668, 105, -5.08775
3.615443706512451, 105, -5.113999999999999
3.622495412826538, 105, -5.14025
3.6283628940582275, 105, -5.166499999999999
3.6347248554229736, 105, -5.192749999999999
3.641967535018921, 105, -5.218999999999999
3.649451732635498, 105, -5.2452499999999995
3.6553916931152344, 105, -5.2715
3.6624557971954346, 105, -5.297749999999999
3.668306350708008, 105, -5.324
3.675532341003418, 105, -5.350249999999999
3.6827497482299805, 105, -5.3765
3.6894643306732178, 105, -5.402749999999999
3.695202350616455, 105, -5.428999999999999
3.7031214237213135, 105, -5.4552499999999995
3.710017681121826, 105, -5.4815
3.716785192489624, 105, -5.50775
3.723376989364624, 105, -5.533999999999999
3.730349540710449, 105, -5.56025
3.73643159866333, 105, -5.586499999999999
3.7428972721099854, 105, -5.612749999999999
3.750577688217163, 105, -5.638999999999999
3.7566635608673096, 105, -5.6652499999999995
3.763115167617798, 105, -5.6915
3.770007848739624, 105, -5.71775
3.7768630981445312, 105, -5.744
3.7836520671844482, 105, -5.770249999999999
3.7905969619750977, 105, -5.7965
3.7967302799224854, 105, -5.822749999999999
3.804234027862549, 105, -5.848999999999999
3.810885190963745, 105, -5.875249999999999
3.8169217109680176, 105, -5.9014999999999995
3.8234734535217285, 105, -5.92775
3.830416202545166, 105, -5.953999999999999
3.8366382122039795, 105, -5.98025
3.8431286811828613, 105, -6.006499999999999
3.8500943183898926, 105, -6.03275
3.856937885284424, 105, -6.058999999999999
3.8633978366851807, 105, -6.085249999999999
3.870384693145752, 105, -6.1114999999999995
3.8773155212402344, 105, -6.13775
3.884166717529297, 105, -6.164
3.8907792568206787, 105, -6.190249999999999
3.8971035480499268, 105, -6.2165
3.9099106788635254, 105, -6.242749999999999
3.9159584045410156, 105, -6.269
3.9228649139404297, 105, -6.295249999999999
3.9295718669891357, 105, -6.3214999999999995
3.935455560684204, 105, -6.34775
3.942470073699951, 105, -6.374
3.9483165740966797, 105, -6.40025
3.9559757709503174, 105, -6.426499999999999
3.962871551513672, 105, -6.45275
3.9695236682891846, 105, -6.478999999999999
3.9764533042907715, 105, -6.50525
3.983273983001709, 105, -6.531499999999999
3.990227222442627, 105, -6.5577499999999995
3.9961771965026855, 105, -6.584
4.005078554153442, 105, -6.61025
4.0124218463897705, 105, -6.6365
4.018293857574463, 105, -6.662749999999999
4.024697303771973, 105, -6.689
4.0316150188446045, 105, -6.715249999999999
4.0374438762664795, 105, -6.741499999999999
4.044108152389526, 105, -6.7677499999999995
4.050790309906006, 105, -6.794
4.058271646499634, 105, -6.82025
4.06464409828186, 105, -6.846499999999999
4.072019815444946, 105, -6.87275
4.080419540405273, 105, -6.898999999999999
4.087377071380615, 105, -6.92525
4.094354867935181, 105, -6.951499999999999
4.101268768310547, 105, -6.9777499999999995
4.108407258987427, 105, -7.004
4.114741086959839, 105, -7.03025
4.1219542026519775, 105, -7.0565
4.127575635910034, 105, -7.08275
4.13433313369751, 105, -7.109
4.141222715377808, 105, -7.135249999999999
4.147158861160278, 105, -7.161499999999999
4.153566360473633, 105, -7.187749999999999
4.161536931991577, 105, -7.2139999999999995
4.167357683181763, 105, -7.24025
4.1739842891693115, 105, -7.2665
4.180691719055176, 105, -7.29275
4.187896490097046, 105, -7.319
4.194578647613525, 105, -7.34525
4.201538801193237, 105, -7.371499999999999
4.208384037017822, 105, -7.397749999999999
4.2147626876831055, 105, -7.4239999999999995
4.222163915634155, 105, -7.45025
4.228078603744507, 105, -7.4765
4.234387636184692, 105, -7.50275
4.241302490234375, 105, -7.529
4.247229814529419, 105, -7.55525
4.253990650177002, 105, -7.581499999999999
4.262006521224976, 105, -7.607749999999999
4.267904281616211, 105, -7.6339999999999995
4.274307489395142, 105, -7.66025
4.281157970428467, 105, -7.6865
4.292871475219727, 105, -7.71275
4.299537420272827, 105, -7.739
4.313640832901001, 105, -7.76525
4.330311059951782, 105, -7.7915
4.343664884567261, 105, -7.817749999999999
4.357167482376099, 105, -7.843999999999999
4.370835542678833, 105, -7.8702499999999995
4.386433124542236, 105, -7.8965
4.4024903774261475, 105, -7.92275
4.414374113082886, 105, -7.949
4.427546501159668, 105, -7.97525
4.441155195236206, 105, -8.0015
4.448141574859619, 105, -8.02775
4.454524993896484, 105, -8.053999999999998
4.4615349769592285, 105, -8.08025
4.467342853546143, 105, -8.1065
4.473920106887817, 105, -8.13275
4.4806249141693115, 105, -8.158999999999999
4.49845552444458, 105, -8.18525
4.5112855434417725, 105, -8.211500000000001
4.517599105834961, 105, -8.23775
4.5244140625, 105, -8.264
4.531296253204346, 105, -8.29025
4.537225961685181, 105, -8.3165
4.5446457862854, 105, -8.342749999999999
4.5515923500061035, 105, -8.369
4.557372093200684, 105, -8.39525
4.563965320587158, 105, -8.4215
4.57067346572876, 105, -8.44775
4.576979875564575, 104, -8.27225
4.583427906036377, 104, -8.29675
4.591434717178345, 104, -8.32125
4.598884582519531, 103, -8.143999999999998
4.604884147644043, 103, -8.166749999999999
4.612376928329468, 103, -8.189499999999999
4.618280649185181, 103, -8.21225
4.624667644500732, 103, -8.235
4.631949424743652, 102, -8.056000000000001
4.637591361999512, 102, -8.076999999999998
4.64426851272583, 101, -7.896249999999999
4.652377605438232, 101, -7.9155
4.658276081085205, 101, -7.93475
4.664661645889282, 101, -7.954000000000001
4.671584367752075, 100, -7.7715000000000005
4.677395820617676, 100, -7.789000000000001
4.684082508087158, 99, -7.60475
4.692109823226929, 99, -7.6205
4.700035572052002, 99, -7.6362499999999995
4.7112696170806885, 99, -7.651999999999999
4.718243837356567, 98, -7.465999999999999
4.724793910980225, 98, -7.48
4.732143402099609, 97, -7.29225
4.738110065460205, 97, -7.304499999999999
4.744653940200806, 97, -7.316749999999999
4.75273871421814, 97, -7.328999999999999
4.759447813034058, 96, -7.139499999999999
4.765117406845093, 96, -7.1499999999999995
4.772307634353638, 95, -6.958749999999999
4.778218984603882, 95, -6.967499999999999
4.784597635269165, 95, -6.976249999999999
4.7925121784210205, 95, -6.984999999999999
4.802184343338013, 95, -6.9937499999999995
4.808159828186035, 94, -6.800749999999999
4.814690589904785, 94, -6.807749999999999
4.821670770645142, 93, -6.6129999999999995
4.8274805545806885, 93, -6.61825
4.834083318710327, 93, -6.6235
4.840751886367798, 93, -6.62875
4.846810340881348, 93, -6.634
4.854329586029053, 92, -6.4375
4.8611462116241455, 92, -6.441
4.866950988769531, 92, -6.4445
4.873576402664185, 91, -6.24625
4.880472898483276, 91, -6.248
4.886535167694092, 91, -6.249750000000001
4.894665479660034, 91, -6.251500000000001
4.903401136398315, 91, -6.253250000000001
4.910887956619263, 90, -6.053250000000001
4.916902303695679, 90, -6.053250000000001
4.92336893081665, 90, -6.053250000000001
4.930356979370117, 89, -5.851500000000001
4.936583995819092, 89, -5.84975
4.943037271499634, 89, -5.848
4.949920415878296, 89, -5.8462499999999995
4.956757307052612, 89, -5.844499999999999
4.9632580280303955, 89, -5.842749999999999
4.970172643661499, 89, -5.840999999999998
4.976133346557617, 88, -5.637499999999998
4.98269248008728, 88, -5.633999999999999
4.996337413787842, 87, -5.428749999999999
5.004901647567749, 87, -5.423499999999999
5.012166738510132, 87, -5.418249999999999
5.018136501312256, 87, -5.4129999999999985
5.024499893188477, 87, -5.407749999999998
5.031474351882935, 87, -5.402499999999998
5.037283897399902, 87, -5.397249999999998
5.043658018112183, 87, -5.391999999999998
5.0506508350372314, 86, -5.184999999999998
5.05796480178833, 86, -5.177999999999998
5.064326524734497, 86, -5.1709999999999985
5.071216821670532, 86, -5.163999999999999
5.077170372009277, 86, -5.156999999999999
5.0835723876953125, 85, -4.948249999999999
5.090516805648804, 85, -4.939499999999999
5.0965564250946045, 85, -4.930749999999999
5.104845285415649, 85, -4.921999999999999
5.11599063873291, 85, -4.913249999999999
5.122867584228516, 85, -4.904499999999999
5.129535436630249, 85, -4.89575
5.1355085372924805, 85, -4.887
5.1425299644470215, 85, -4.8782499999999995
5.148396730422974, 85, -4.8694999999999995
5.155995845794678, 85, -4.8607499999999995
5.162721395492554, 85, -4.851999999999999
5.1694276332855225, 84, -4.641499999999999
5.1753880977630615, 84, -4.6309999999999985
5.182459592819214, 84, -4.620499999999998
5.188359498977661, 84, -4.609999999999998
5.1947181224823, 84, -4.599499999999997
5.202560663223267, 84, -4.588999999999997
5.210455656051636, 84, -4.5784999999999965
5.216547727584839, 84, -4.567999999999996
5.222992181777954, 84, -4.557499999999996
5.229633808135986, 84, -4.546999999999995
5.235549688339233, 84, -4.536499999999995
5.242581605911255, 84, -4.5259999999999945
5.248503684997559, 84, -4.515499999999994
5.2561140060424805, 84, -4.504999999999994
5.262911319732666, 84, -4.494499999999993
5.269598007202148, 84, -4.483999999999993
5.275378942489624, 84, -4.4734999999999925
5.282466411590576, 84, -4.462999999999992
5.288331747055054, 84, -4.452499999999992
5.29491662979126, 84, -4.441999999999991
5.302977561950684, 84, -4.431499999999991
5.311081647872925, 84, -4.4209999999999905
5.31693172454834, 84, -4.41049999999999
5.3233911991119385, 84, -4.39999999999999
5.330392122268677, 84, -4.389499999999989
5.336435317993164, 84, -4.378999999999989
5.3429038524627686, 84, -4.3684999999999885
5.349570989608765, 84, -4.357999999999988
5.355528354644775, 84, -4.347499999999988
5.363190174102783, 84, -4.336999999999987
5.3700950145721436, 84, -4.326499999999987
5.375922203063965, 84, -4.3159999999999865
5.382657289505005, 84, -4.305499999999986
5.388969898223877, 84, -4.294999999999986
5.3952250480651855, 84, -4.284499999999985
5.403085947036743, 84, -4.273999999999985
5.411529541015625, 84, -4.2634999999999845
5.4173500537872314, 84, -4.252999999999984
5.42392373085022, 84, -4.242499999999984
5.430569887161255, 84, -4.231999999999983
5.436632871627808, 84, -4.221499999999983
5.443098306655884, 84, -4.2109999999999825
5.449969291687012, 84, -4.200499999999982
5.4554972648620605, 84, -4.189999999999982
5.463224172592163, 84, -4.179499999999981
5.4701173305511475, 84, -4.168999999999981
5.476293563842773, 84, -4.1584999999999805
5.482758283615112, 84, -4.14799999999998
5.48945164680481, 84, -4.13749999999998
5.495121002197266, 84, -4.126999999999979
5.503006935119629, 84, -4.116499999999979
5.514649391174316, 84, -4.1059999999999786
5.522082328796387, 84, -4.095499999999978
5.527969598770142, 84, -4.084999999999978
5.5346314907073975, 84, -4.074499999999977
5.541913032531738, 84, -4.063999999999977
5.547559499740601, 84, -4.053499999999977
5.554191827774048, 84, -4.042999999999976
5.562097549438477, 84, -4.032499999999976
5.568025588989258, 84, -4.021999999999975
5.574343919754028, 84, -4.011499999999975
5.581591367721558, 84, -4.000999999999975
5.58739447593689, 84, -3.990499999999974
5.594175100326538, 84, -3.979999999999974
5.6008288860321045, 84, -3.9694999999999734
5.613025903701782, 84, -3.958999999999973
5.620134592056274, 84, -3.9484999999999726
5.62597131729126, 84, -3.937999999999972
5.632652759552002, 84, -3.927499999999972
5.6389992237091064, 84, -3.9169999999999714
5.645043134689331, 84, -3.906499999999971
5.652367353439331, 84, -3.8959999999999706
5.658238649368286, 84, -3.88549999999997
5.665606737136841, 84, -3.87499999999997
5.67265772819519, 84, -3.8644999999999694
5.67936372756958, 84, -3.853999999999969
5.685075283050537, 84, -3.8434999999999686
5.692221403121948, 84, -3.832999999999968
5.698117256164551, 84, -3.822499999999968
5.704463958740234, 84, -3.8119999999999674
5.713480234146118, 84, -3.801499999999967
5.721660852432251, 84, -3.7909999999999666
5.727554798126221, 84, -3.780499999999966
5.734166860580444, 84, -3.769999999999966
5.7408154010772705, 84, -3.7594999999999654
5.746885538101196, 84, -3.748999999999965
5.753399848937988, 84, -3.7384999999999646
5.760363578796387, 84, -3.7279999999999642
5.767314195632935, 84, -3.717499999999964
5.774141788482666, 84, -3.7069999999999634
5.780843734741211, 84, -3.696499999999963
5.787168979644775, 84, -3.6859999999999626
5.793557167053223, 84, -3.6754999999999622
5.800466299057007, 84, -3.664999999999962
5.8065736293792725, 84, -3.6544999999999614
5.814929962158203, 84, -3.643999999999961
5.822197437286377, 84, -3.6334999999999607
5.828129291534424, 84, -3.6229999999999603
5.834672451019287, 84, -3.61249999999996
5.841561555862427, 84, -3.6019999999999595
5.847367525100708, 84, -3.591499999999959
5.853924751281738, 84, -3.5809999999999587
5.860682010650635, 84, -3.5704999999999583
5.867948532104492, 84, -3.559999999999958
5.874340057373047, 84, -3.5494999999999575
5.881278038024902, 84, -3.538999999999957
5.887277126312256, 84, -3.5284999999999567
5.894087076187134, 84, -3.5179999999999563
5.900726318359375, 84, -3.507499999999956
5.906786680221558, 84, -3.4969999999999555
5.920145511627197, 84, -3.486499999999955
5.9265546798706055, 84, -3.4759999999999547
5.93320107460022, 84, -3.4654999999999543
5.940102577209473, 84, -3.454999999999954
5.946152687072754, 84, -3.4444999999999535
5.952869415283203, 84, -3.433999999999953
5.959530353546143, 84, -3.4234999999999527
5.9651939868927, 84, -3.4129999999999523
5.972926378250122, 84, -3.402499999999952
5.979562282562256, 84, -3.3919999999999515
5.985220909118652, 84, -3.381499999999951
5.992331027984619, 84, -3.3709999999999507
5.99822211265564, 84, -3.3604999999999503
6.00460410118103, 84, -3.34999999999995
6.012695074081421, 84, -3.3394999999999495
6.020663738250732, 84, -3.328999999999949
6.026753902435303, 84, -3.3184999999999487
6.033191919326782, 84, -3.3079999999999483
6.040061712265015, 84, -3.297499999999948
6.046115159988403, 84, -3.2869999999999475
6.052665710449219, 84, -3.276499999999947
6.059375047683716, 84, -3.2659999999999476
6.065065383911133, 84, -3.255499999999947
6.073099851608276, 84, -3.2449999999999477
6.079953193664551, 84, -3.2344999999999473
6.085486650466919, 84, -3.223999999999948
6.092526912689209, 84, -3.2134999999999474
6.098411798477173, 84, -3.202999999999948
6.104738473892212, 84, -3.1924999999999484
6.112719535827637, 84, -3.181999999999948
6.120645761489868, 84, -3.1714999999999485
6.1267194747924805, 84, -3.160999999999948
6.133308410644531, 84, -3.1504999999999486
6.1403374671936035, 84, -3.139999999999948
6.146362066268921, 84, -3.1294999999999487
6.152830123901367, 84, -3.118999999999949
6.159465074539185, 84, -3.1084999999999487
6.165124177932739, 84, -3.0979999999999492
6.173225164413452, 84, -3.087499999999949
6.180092096328735, 84, -3.0769999999999493
6.185926198959351, 84, -3.066499999999949
6.192777395248413, 84, -3.0559999999999494
6.199510097503662, 84, -3.045499999999949
6.205193519592285, 84, -3.0349999999999495
6.213034391403198, 84, -3.02449999999995
6.220158338546753, 84, -3.0139999999999496
6.226972818374634, 84, -3.00349999999995
6.2334301471710205, 84, -2.9929999999999497
6.240648984909058, 84, -2.98249999999995
6.24669623374939, 84, -2.97199999999995
6.253321886062622, 84, -2.9614999999999503
6.260235071182251, 84, -2.95099999999995
6.266150712966919, 84, -2.9404999999999504
6.273348331451416, 84, -2.929999999999951
6.2802698612213135, 84, -2.9194999999999505
6.2862725257873535, 84, -2.908999999999951
6.2928466796875, 84, -2.8984999999999506
6.2995054721832275, 84, -2.887999999999951
6.305404186248779, 84, -2.8774999999999507
6.317398309707642, 84, -2.866999999999951
6.325404167175293, 84, -2.8564999999999507
6.33259916305542, 84, -2.8459999999999512
6.338943719863892, 84, -2.8354999999999517
6.345209360122681, 84, -2.8249999999999513
6.3523313999176025, 84, -2.814499999999952
6.3582258224487305, 84, -2.8039999999999514
6.364659547805786, 84, -2.793499999999952
6.371952533721924, 84, -2.782999999999952
6.379490852355957, 84, -2.772499999999952
6.385195016860962, 84, -2.761999999999952
6.392339468002319, 84, -2.751499999999952
6.398228168487549, 84, -2.740999999999952
6.40641188621521, 84, -2.730499999999952
6.41452169418335, 84, -2.7199999999999522
6.422638416290283, 84, -2.7094999999999527
6.430581092834473, 84, -2.6989999999999528
6.436850547790527, 84, -2.688499999999953
6.44333028793335, 84, -2.677999999999953
6.45026159286499, 84, -2.667499999999953
6.456256151199341, 84, -2.656999999999953
6.462752103805542, 84, -2.646499999999953
6.46943998336792, 84, -2.635999999999953
6.476416349411011, 84, -2.6254999999999535
6.482941150665283, 84, -2.6149999999999536
6.489576578140259, 84, -2.6044999999999536
6.4955127239227295, 84, -2.5939999999999537
6.502552270889282, 84, -2.5834999999999537
6.5085084438323975, 84, -2.5729999999999538
6.514811754226685, 84, -2.562499999999954
6.522740364074707, 84, -2.551999999999954
6.530648708343506, 84, -2.541499999999954
6.539532899856567, 84, -2.5309999999999544
6.545206308364868, 84, -2.5204999999999544
6.552927017211914, 84, -2.5099999999999545
6.559642553329468, 84, -2.4994999999999545
6.565559387207031, 84, -2.4889999999999546
6.572588682174683, 84, -2.4784999999999546
6.580361843109131, 84, -2.4679999999999547
6.586391925811768, 84, -2.4574999999999547
6.592902421951294, 84, -2.446999999999955
6.59952712059021, 84, -2.4364999999999553
6.605279207229614, 84, -2.4259999999999553
6.612525224685669, 84, -2.4154999999999553
6.620183706283569, 84, -2.4049999999999554
6.626376628875732, 84, -2.3944999999999554
6.633633852005005, 84, -2.3839999999999555
6.640589952468872, 84, -2.3734999999999555
6.64669942855835, 84, -2.3629999999999556
6.653149843215942, 84, -2.352499999999956
6.660010814666748, 84, -2.341999999999956
6.665541648864746, 84, -2.331499999999956
6.672735691070557, 84, -2.320999999999956
6.680466175079346, 84, -2.3104999999999563
6.68651556968689, 84, -2.2999999999999563
6.6931281089782715, 84, -2.2894999999999563
6.700002193450928, 84, -2.2789999999999564
6.70552396774292, 84, -2.268499999999957
6.716964483261108, 84, -2.257999999999957
6.72470498085022, 84, -2.247499999999957
6.73305606842041, 84, -2.236999999999957
6.739652633666992, 84, -2.226499999999957
6.745542526245117, 84, -2.215999999999957
6.7525482177734375, 84, -2.205499999999957
6.758466482162476, 84, -2.194999999999957
6.764797687530518, 84, -2.1844999999999573
6.771990537643433, 84, -2.1739999999999577
6.777876377105713, 84, -2.163499999999958
6.784898519515991, 84, -2.152999999999958
6.792339324951172, 84, -2.142499999999958
6.798213481903076, 84, -2.131999999999958
6.804545879364014, 84, -2.121499999999958
6.811510801315308, 84, -2.110999999999958
6.817366361618042, 84, -2.100499999999958
6.824862003326416, 84, -2.0899999999999586
6.8331499099731445, 84, -2.0794999999999586
6.840035915374756, 84, -2.0689999999999586
6.845659971237183, 84, -2.0584999999999587
6.8527116775512695, 84, -2.0479999999999587
6.859435319900513, 84, -2.037499999999959
6.86510157585144, 84, -2.026999999999959
6.872284650802612, 84, -2.016499999999959
6.878183603286743, 84, -2.005999999999959
6.885448217391968, 84, -1.9954999999999594
6.892434120178223, 84, -1.9849999999999595
6.8994460105896, 84, -1.9744999999999595
6.9050819873809814, 84, -1.9639999999999596
6.9124064445495605, 84, -1.9534999999999596
6.918266773223877, 84, -1.9429999999999596
6.925598621368408, 84, -1.9324999999999597
6.933438301086426, 84, -1.9219999999999597
6.940382480621338, 84, -1.9114999999999602
6.946437835693359, 84, -1.9009999999999603
6.953034162521362, 84, -1.8904999999999603
6.959667682647705, 84, -1.8799999999999604
6.965441465377808, 84, -1.8694999999999604
6.972619533538818, 84, -1.8589999999999605
6.9789721965789795, 84, -1.8484999999999605
6.986464262008667, 84, -1.8379999999999606
6.993030309677124, 84, -1.8274999999999606
6.9996747970581055, 84, -1.816999999999961
7.005407094955444, 84, -1.8064999999999611
7.01247501373291, 84, -1.7959999999999612
7.018316984176636, 84, -1.7854999999999612
7.025555372238159, 84, -1.7749999999999613
7.03291654586792, 84, -1.7644999999999613
7.040634632110596, 84, -1.7539999999999614
7.046698093414307, 84, -1.7434999999999614
7.053158521652222, 84, -1.732999999999962
7.060023069381714, 84, -1.722499999999962
7.065506219863892, 84, -1.711999999999962
7.072537899017334, 84, -1.701499999999962
7.078399419784546, 84, -1.690999999999962
7.0859973430633545, 84, -1.6804999999999621
7.092849493026733, 84, -1.6699999999999622
7.099531888961792, 84, -1.6594999999999622
7.105278253555298, 84, -1.6489999999999623
7.116004705429077, 84, -1.6384999999999628
7.124067544937134, 84, -1.6279999999999628
7.131318092346191, 84, -1.6174999999999629
7.138433933258057, 84, -1.606999999999963
7.144912481307983, 84, -1.596499999999963
7.152353286743164, 84, -1.585999999999963
7.158200263977051, 84, -1.575499999999963
7.164557218551636, 84, -1.564999999999963
7.171507358551025, 84, -1.5544999999999636
7.177315711975098, 84, -1.5439999999999636
7.183919668197632, 84, -1.5334999999999637
7.191591262817383, 84, -1.5229999999999637
7.19738245010376, 84, -1.5124999999999638
7.2054362297058105, 84, -1.5019999999999638
7.212682723999023, 84, -1.4914999999999639
7.219414234161377, 84, -1.480999999999964
7.226984739303589, 84, -1.470499999999964
7.234549522399902, 84, -1.4599999999999644
7.242661237716675, 84, -1.4494999999999645
7.248966932296753, 84, -1.4389999999999645
7.255043029785156, 84, -1.4284999999999646
7.262169599533081, 84, -1.4179999999999646
7.268136739730835, 84, -1.4074999999999647
7.2746741771698, 84, -1.3969999999999647
7.281577825546265, 84, -1.3864999999999648
7.293487071990967, 84, -1.3759999999999653
7.300836801528931, 84, -1.3654999999999653
7.307125091552734, 84, -1.3549999999999653
7.314701557159424, 84, -1.3444999999999654
7.322421312332153, 84, -1.3339999999999654
7.328264236450195, 84, -1.3234999999999655
7.3363587856292725, 84, -1.3129999999999655
7.344091892242432, 84, -1.3024999999999656
7.350708484649658, 84, -1.2919999999999656
7.356761932373047, 84, -1.281499999999966
7.363239765167236, 84, -1.2709999999999662
7.3701255321502686, 84, -1.2604999999999662
7.375990152359009, 84, -1.2499999999999662
7.382670640945435, 84, -1.2394999999999663
7.3903138637542725, 84, -1.2289999999999663
7.396550416946411, 84, -1.2184999999999664
7.403019905090332, 84, -1.2079999999999664
7.409659385681152, 84, -1.197499999999967
7.415401935577393, 84, -1.186999999999967
7.422457218170166, 84, -1.176499999999967
7.428365468978882, 84, -1.165999999999967
7.435643434524536, 84, -1.155499999999967
7.443488836288452, 84, -1.1449999999999672
7.450444936752319, 84, -1.1344999999999672
7.456654071807861, 84, -1.1239999999999672
7.463135004043579, 84, -1.1134999999999673
7.470008611679077, 84, -1.1029999999999678
7.475916385650635, 84, -1.0924999999999678
7.4826741218566895, 84, -1.0819999999999679
7.4893975257873535, 84, -1.071499999999968
7.496522665023804, 84, -1.060999999999968
7.502965211868286, 84, -1.050499999999968
7.50962233543396, 84, -1.039999999999968
7.519673585891724, 84, -1.029499999999968
7.525676488876343, 84, -1.0189999999999686
7.533623933792114, 84, -1.0084999999999686
7.54079270362854, 84, -0.9979999999999687
7.548118591308594, 84, -0.9874999999999687
7.554466962814331, 84, -0.9769999999999688
7.561968803405762, 84, -0.9664999999999688
7.567617177963257, 84, -0.9559999999999689
7.574374437332153, 84, -0.9454999999999689
7.581225395202637, 84, -0.934999999999969
7.587133884429932, 84, -0.9244999999999695
7.5945727825164795, 84, -0.9139999999999695
7.601675510406494, 84, -0.9034999999999695
7.6074745655059814, 84, -0.8929999999999696
7.6140828132629395, 84, -0.8824999999999696
7.620696306228638, 84, -0.8719999999999697
7.626785039901733, 84, -0.8614999999999697
7.634452819824219, 84, -0.8509999999999698
7.641603469848633, 84, -0.8404999999999703
7.6484763622283936, 84, -0.8299999999999703
7.654805421829224, 84, -0.8194999999999704
7.6619861125946045, 84, -0.8089999999999704
7.6676025390625, 84, -0.7984999999999705
7.674207925796509, 84, -0.7879999999999705
7.6808764934539795, 84, -0.7774999999999708
7.686889171600342, 84, -0.7669999999999708
7.694537401199341, 84, -0.7564999999999709
7.701482057571411, 84, -0.7459999999999709
7.707317113876343, 84, -0.735499999999971
7.713923931121826, 84, -0.7249999999999712
7.721535682678223, 84, -0.7144999999999713
7.7273406982421875, 84, -0.7039999999999713
7.734790325164795, 84, -0.6934999999999714
7.742326974868774, 84, -0.6829999999999716
7.749904632568359, 84, -0.6724999999999717
7.75559139251709, 84, -0.6619999999999717
7.762621879577637, 84, -0.6514999999999718
7.768992185592651, 84, -0.640999999999972
7.7750372886657715, 84, -0.6304999999999721
7.7821667194366455, 84, -0.6199999999999721
7.788120985031128, 84, -0.6094999999999722
7.79449725151062, 84, -0.5989999999999724
7.802540302276611, 84, -0.5884999999999725
7.808397531509399, 84, -0.5779999999999725
7.814862489700317, 84, -0.5674999999999726
7.822145223617554, 84, -0.5569999999999726
7.82808256149292, 84, -0.5464999999999729
7.835373640060425, 84, -0.5359999999999729
7.842664003372192, 84, -0.525499999999973
7.8504228591918945, 84, -0.514999999999973
7.856493711471558, 84, -0.5044999999999733
7.863094329833984, 84, -0.49399999999997335
7.8699750900268555, 84, -0.4834999999999734
7.8756654262542725, 84, -0.47299999999997344
7.882667541503906, 84, -0.4624999999999737
7.88899564743042, 84, -0.45199999999997376
7.895055770874023, 84, -0.4414999999999738
7.902893543243408, 84, -0.43099999999997385
7.909573793411255, 84, -0.4204999999999741
7.919623613357544, 84, -0.40999999999997416
7.9256837368011475, 84, -0.3994999999999742
7.932903051376343, 84, -0.38899999999997426
7.9405357837677, 84, -0.3784999999999743
7.946970462799072, 84, -0.36799999999997457
7.95450496673584, 84, -0.3574999999999746
7.961472034454346, 84, -0.34699999999997466
7.967326402664185, 84, -0.3364999999999747
7.973680734634399, 84, -0.325999999999975
7.980596303939819, 84, -0.315499999999975
7.986668109893799, 84, -0.30499999999997507
7.993334531784058, 84, -0.2944999999999751
8.001217603683472, 84, -0.2839999999999754
8.009506464004517, 84, -0.27349999999997543
8.015195846557617, 84, -0.2629999999999755
8.022284984588623, 84, -0.2524999999999755
8.028159141540527, 84, -0.2419999999999758
8.034515380859375, 84, -0.23149999999997584
8.043975830078125, 84, -0.22099999999997588
8.052411794662476, 84, -0.21049999999997593
8.058284282684326, 84, -0.19999999999997597
8.064681768417358, 84, -0.18949999999997624
8.0716073513031, 84, -0.1789999999999763
8.077434539794922, 84, -0.16849999999997634
8.084027290344238, 84, -0.15799999999997638
8.090681552886963, 84, -0.14749999999997665
8.096728086471558, 84, -0.1369999999999767
8.104369401931763, 84, -0.12649999999997674
8.111490488052368, 84, -0.11599999999997679
8.11730170249939, 84, -0.10549999999997706
8.124161958694458, 84, -0.0949999999999771
8.130756378173828, 84, -0.08449999999997715
8.13683557510376, 84, -0.0739999999999772
8.144427299499512, 84, -0.06349999999997746
8.15254259109497, 84, -0.05299999999997751
8.1584632396698, 84, -0.042499999999977556
8.16480302810669, 84, -0.0319999999999776
8.172169208526611, 84, -0.021499999999977648
8.178114891052246, 84, -0.010999999999977916
8.18446969985962, 84, -0.0004999999999779625
8.191474199295044, 84, 0.010000000000021991
8.197319269180298, 84, 0.020500000000021945
8.205204486846924, 84, 0.031000000000021677
8.212482452392578, 84, 0.04150000000002163
8.218367099761963, 84, 0.052000000000021585
8.224714517593384, 84, 0.06250000000002154
8.232043027877808, 84, 0.07300000000002127
8.237939596176147, 84, 0.08350000000002145
8.245193719863892, 84, 0.0940000000000214
8.252516031265259, 84, 0.10450000000002135
8.26019835472107, 84, 0.11500000000002153
8.266421794891357, 84, 0.12550000000002148
8.272871017456055, 84, 0.13600000000002144
8.279514789581299, 84, 0.1465000000000216
8.285211563110352, 84, 0.15700000000002157
8.292590618133545, 84, 0.16750000000002152
8.298512697219849, 84, 0.1780000000000217
8.306266784667969, 84, 0.18850000000002165
8.312811374664307, 84, 0.1990000000000216
8.323927640914917, 84, 0.20950000000002167
8.330641269683838, 84, 0.22000000000002173
8.336865663528442, 84, 0.2305000000000218
8.344462633132935, 84, 0.24100000000002175
8.351998805999756, 84, 0.2515000000000218
8.359503507614136, 84, 0.26200000000002177
8.365189552307129, 84, 0.27250000000002184
8.372313261032104, 84, 0.2830000000000219
8.378198385238647, 84, 0.29350000000002185
8.38455605506897, 84, 0.3040000000000219
8.391899347305298, 84, 0.314500000000022
8.397498846054077, 84, 0.32500000000002194
8.404087781906128, 84, 0.335500000000022
8.41223669052124, 84, 0.34600000000002207
8.418155193328857, 84, 0.356500000000022
8.424497127532959, 84, 0.3670000000000221
8.43145489692688, 84, 0.37750000000002215
8.43726658821106, 84, 0.3880000000000221
8.444713592529297, 84, 0.39850000000002217
8.452219486236572, 84, 0.40900000000002223
8.459596633911133, 84, 0.4195000000000222
8.465368509292603, 84, 0.43000000000002225
8.472623825073242, 84, 0.4405000000000223
8.478934288024902, 84, 0.45100000000002227
8.48488163948059, 84, 0.46150000000002234
8.492126941680908, 84, 0.4720000000000223
8.497983694076538, 84, 0.48250000000002236
8.504361867904663, 84, 0.4930000000000224
8.512394666671753, 84, 0.5035000000000224
8.51821780204773, 84, 0.5140000000000224
8.524535655975342, 84, 0.5245000000000225
8.531668424606323, 84, 0.5350000000000225
8.537460327148438, 84, 0.5455000000000225
8.544851779937744, 84, 0.5560000000000226
8.552351951599121, 84, 0.5665000000000225
8.560064792633057, 84, 0.5770000000000226
8.566161155700684, 84, 0.5875000000000227
8.57275676727295, 84, 0.5980000000000226
8.579448223114014, 84, 0.6085000000000227
8.585113763809204, 84, 0.6190000000000228
8.592437744140625, 84, 0.6295000000000227
8.598325490951538, 84, 0.6400000000000228
8.60468339920044, 84, 0.6505000000000227
8.612701654434204, 84, 0.6610000000000228
8.619377851486206, 84, 0.6715000000000229
8.625051259994507, 84, 0.6820000000000228
8.632166862487793, 84, 0.6925000000000229
8.63807201385498, 84, 0.7030000000000229
8.645379066467285, 84, 0.7135000000000229
8.652816772460938, 84, 0.724000000000023
8.659467697143555, 84, 0.734500000000023
8.666660070419312, 84, 0.745000000000023
8.673116445541382, 84, 0.755500000000023
8.679996728897095, 84, 0.7660000000000231
8.685523509979248, 84, 0.7765000000000231
8.69253659248352, 84, 0.7870000000000231
8.698404788970947, 84, 0.7975000000000232
8.704739809036255, 84, 0.8080000000000231
8.71284818649292, 84, 0.8185000000000232
8.723133325576782, 84, 0.8290000000000233
8.73075556755066, 84, 0.8395000000000232
8.736919164657593, 84, 0.8500000000000233
8.743536233901978, 84, 0.8605000000000234
8.752163410186768, 84, 0.8710000000000233
8.758068561553955, 84, 0.8815000000000234
8.765280961990356, 84, 0.8920000000000234
8.772559881210327, 84, 0.9025000000000234
8.778479099273682, 84, 0.9130000000000233
8.784804344177246, 84, 0.9235000000000234
8.79200792312622, 84, 0.9340000000000235
8.797906637191772, 84, 0.9445000000000234
8.804274797439575, 84, 0.9550000000000234
8.813293695449829, 84, 0.9655000000000233
8.820184230804443, 84, 0.9760000000000234
8.826101541519165, 84, 0.9865000000000234
8.832818031311035, 84, 0.9970000000000234
8.839550256729126, 84, 1.0075000000000234
8.846946001052856, 84, 1.0180000000000233
8.854532957077026, 84, 1.0285000000000233
8.861989259719849, 84, 1.0390000000000235
8.869659185409546, 84, 1.0495000000000234
8.875406980514526, 84, 1.0600000000000234
8.882438659667969, 84, 1.0705000000000233
8.888282775878906, 84, 1.0810000000000233
8.894821882247925, 84, 1.0915000000000235
8.902070760726929, 84, 1.1020000000000234
8.908008098602295, 84, 1.1125000000000234
8.915421962738037, 84, 1.1230000000000233
8.922463178634644, 84, 1.1335000000000233
8.92830491065979, 84, 1.1440000000000232
8.934678316116333, 84, 1.1545000000000234
8.941621780395508, 84, 1.1650000000000234
8.947466850280762, 84, 1.1755000000000233
8.954889297485352, 84, 1.1860000000000233
8.962411880493164, 84, 1.1965000000000234
8.970049619674683, 84, 1.2070000000000234
8.975648641586304, 84, 1.2175000000000233
8.982566356658936, 84, 1.2280000000000233
8.98850703239441, 84, 1.2385000000000232
8.994822978973389, 84, 1.2490000000000234
9.001970529556274, 84, 1.2595000000000234
9.00758409500122, 84, 1.2700000000000233
9.014365196228027, 84, 1.2805000000000233
9.02245283126831, 84, 1.2910000000000235
9.028266191482544, 84, 1.3015000000000234
9.034632444381714, 84, 1.3120000000000234
9.041555881500244, 84, 1.3225000000000233
9.047338008880615, 84, 1.3330000000000233
9.05458664894104, 84, 1.3435000000000232
9.062060594558716, 84, 1.3540000000000234
9.069466829299927, 84, 1.3645000000000234
9.075373411178589, 84, 1.3750000000000233
9.082413673400879, 84, 1.3855000000000233
9.088292360305786, 84, 1.3960000000000232
9.094692945480347, 84, 1.4065000000000234
9.101683616638184, 84, 1.4170000000000234
9.107515573501587, 84, 1.4275000000000233
9.114080905914307, 84, 1.4380000000000233
9.125447511672974, 84, 1.4485000000000232
9.132724046707153, 84, 1.4590000000000232
9.139432668685913, 84, 1.4695000000000233
9.145349025726318, 84, 1.4800000000000233
9.153330326080322, 84, 1.4905000000000233
9.160523414611816, 84, 1.5010000000000234
9.166584491729736, 84, 1.5115000000000234
9.174066543579102, 84, 1.5220000000000233
9.180740594863892, 84, 1.5325000000000233
9.1867835521698, 84, 1.5430000000000235
9.193382740020752, 84, 1.5535000000000234
9.20029902458191, 84, 1.5640000000000236
9.20631194114685, 84, 1.5745000000000235
9.212767362594604, 84, 1.5850000000000235
9.22052788734436, 84, 1.5955000000000235
9.226573467254639, 84, 1.6060000000000236
9.233049392700195, 84, 1.6165000000000236
9.23990797996521, 84, 1.6270000000000238
9.245429992675781, 84, 1.6375000000000237
9.25335955619812, 84, 1.6480000000000237
9.260588645935059, 84, 1.6585000000000236
9.266655683517456, 84, 1.6690000000000238
9.274162292480469, 84, 1.6795000000000238
9.280764818191528, 84, 1.6900000000000237
9.292150020599365, 84, 1.7005000000000239
9.298053503036499, 84, 1.7110000000000238
9.304359674453735, 84, 1.7215000000000238
9.311457633972168, 84, 1.7320000000000237
9.317317485809326, 84, 1.742500000000024
9.331143140792847, 84, 1.753000000000024
9.344877243041992, 84, 1.763500000000024
9.360762357711792, 84, 1.774000000000024
9.37541913986206, 84, 1.784500000000024
9.389959573745728, 84, 1.795000000000024
9.403207540512085, 84, 1.8055000000000239
9.417987585067749, 84, 1.816000000000024
9.432167053222656, 84, 1.8265000000000242
9.44437575340271, 84, 1.8370000000000242
9.454653263092041, 84, 1.8475000000000241
9.462165594100952, 84, 1.858000000000024
9.468127965927124, 84, 1.868500000000024
9.474503755569458, 84, 1.8790000000000242
9.481486558914185, 84, 1.8895000000000244
9.487361192703247, 84, 1.9000000000000243
9.500820398330688, 84, 1.9105000000000243
9.515285730361938, 84, 1.9210000000000242
9.52806544303894, 84, 1.9315000000000242
9.534629344940186, 84, 1.9420000000000244
9.542036056518555, 84, 1.9525000000000243
9.54792332649231, 84, 1.9630000000000245
9.556602716445923, 84, 1.9735000000000245
9.563413858413696, 84, 1.9840000000000244
9.570323705673218, 84, 1.9945000000000244
9.576350212097168, 84, 2.0050000000000248
9.582789659500122, 84, 2.0155000000000243
9.589433431625366, 84, 2.0260000000000247
9.595100164413452, 84, 2.0365000000000246
9.602984428405762, 84, 2.0470000000000246
9.611578702926636, 84, 2.0575000000000245
9.617390871047974, 84, 2.0680000000000245
9.624297142028809, 84, 2.078500000000025
9.631157636642456, 84, 2.089000000000025
9.636963844299316, 84, 2.099500000000025
9.643396139144897, 84, 2.1100000000000247
9.65037488937378, 84, 2.1205000000000247
9.659627199172974, 84, 2.1310000000000247
9.666667461395264, 84, 2.1415000000000246
9.673639297485352, 84, 2.152000000000025
9.680564165115356, 84, 2.162500000000025
9.686639547348022, 84, 2.173000000000025
9.693075895309448, 84, 2.183500000000025
9.699909925460815, 84, 2.194000000000025
9.706681251525879, 84, 2.204500000000025
9.713223934173584, 84, 2.2150000000000247
9.720770359039307, 84, 2.225500000000025
9.72681474685669, 84, 2.236000000000025
9.733495235443115, 84, 2.246500000000025
9.740405321121216, 84, 2.2570000000000254
9.746465921401978, 84, 2.267500000000025
9.753687143325806, 84, 2.2780000000000253
9.76064395904541, 84, 2.2885000000000253
9.768046379089355, 84, 2.2990000000000252
9.774373292922974, 84, 2.309500000000025
9.781257152557373, 84, 2.320000000000025
9.787197589874268, 84, 2.330500000000025
9.793964147567749, 84, 2.341000000000025
9.800651550292969, 84, 2.3515000000000246
9.8080735206604, 84, 2.362000000000025
9.814411640167236, 84, 2.3725000000000245
9.821453332901001, 84, 2.383000000000025
9.827271223068237, 84, 2.3935000000000244
9.833649635314941, 84, 2.4040000000000243
9.840559244155884, 84, 2.4145000000000243
9.84667444229126, 84, 2.4250000000000242
9.853274822235107, 84, 2.435500000000024
9.861157655715942, 84, 2.4460000000000237
9.868147373199463, 84, 2.456500000000024
9.874743223190308, 84, 2.4670000000000236
9.88193964958191, 84, 2.4775000000000236
9.887547254562378, 84, 2.4880000000000235
9.894161462783813, 84, 2.4985000000000235
9.900798320770264, 84, 2.5090000000000234
9.908021688461304, 84, 2.5195000000000234
9.914498329162598, 84, 2.5300000000000233
9.924888610839844, 84, 2.540500000000023
9.932390213012695, 84, 2.5510000000000232
9.938268184661865, 84, 2.5615000000000228
9.94478702545166, 84, 2.5720000000000227
9.952167987823486, 84, 2.5825000000000227
9.959674596786499, 84, 2.5930000000000226
9.96646785736084, 84, 2.6035000000000226
9.973419427871704, 84, 2.614000000000022
9.980388402938843, 84, 2.6245000000000225
9.99345064163208, 84, 2.635000000000022
10.000362634658813, 84, 2.6455000000000224
