0.011564254760742188, 0, 18.045
0.021240711212158203, 0, 18.09
0.028556108474731445, 0, 18.135
0.03576469421386719, 1, 17.9795
0.04285311698913574, 1, 18.024
0.0490415096282959, 2, 17.868000000000002
0.055832624435424805, 2, 17.912000000000003
0.06323766708374023, 3, 17.7555
0.07116150856018066, 4, 17.598499999999998
0.07719588279724121, 4, 17.6415
0.08441019058227539, 5, 17.483999999999998
0.09128093719482422, 6, 17.326
0.09724712371826172, 6, 17.368000000000002
0.10462689399719238, 7, 17.209500000000002
0.1117391586303711, 8, 17.050500000000003
0.11887359619140625, 9, 16.891
0.12689876556396484, 10, 16.731
0.1344144344329834, 11, 16.5705
0.1415095329284668, 12, 16.4095
0.14724326133728027, 13, 16.248
0.1544661521911621, 14, 16.086000000000002
0.1616501808166504, 15, 15.9235
0.16887140274047852, 16, 15.7605
0.17575550079345703, 17, 15.597000000000001
0.18320107460021973, 18, 15.433
0.18955183029174805, 19, 15.268500000000001
0.19617176055908203, 20, 15.1035
0.20357012748718262, 21, 14.938
0.20975112915039062, 22, 14.772000000000002
0.21760106086730957, 23, 14.605500000000001
0.22455286979675293, 24, 14.438500000000001
0.23323273658752441, 25, 14.271
0.2395765781402588, 26, 14.103000000000002
0.2463514804840088, 27, 13.934500000000002
0.2572653293609619, 28, 13.7655
0.26459217071533203, 29, 13.596
0.27302074432373047, 30, 13.426
0.2791330814361572, 31, 13.255500000000001
0.2861618995666504, 32, 13.084500000000002
0.29355597496032715, 33, 12.913
0.29975223541259766, 34, 12.741000000000001
0.30652689933776855, 35, 12.5685
0.3140387535095215, 36, 12.3955
0.321974515914917, 36, 12.422500000000001
0.329082727432251, 37, 12.249
0.3360905647277832, 38, 12.075
0.3435063362121582, 39, 11.900500000000001
0.3496255874633789, 40, 11.7255
0.3562304973602295, 40, 11.7505
0.3638021945953369, 41, 11.575000000000001
0.3717355728149414, 42, 11.399000000000001
0.37798285484313965, 43, 11.2225
0.38469886779785156, 44, 11.0455
0.3918325901031494, 44, 11.0685
0.39806270599365234, 45, 10.891
0.40484070777893066, 46, 10.713000000000001
0.41205525398254395, 46, 10.735000000000001
0.4183671474456787, 47, 10.5565
0.42723822593688965, 48, 10.3775
0.43473052978515625, 48, 10.3985
0.4419071674346924, 49, 10.219000000000001
0.44821977615356445, 50, 10.039
0.4548981189727783, 50, 10.059
0.46205735206604004, 51, 9.8785
0.46835970878601074, 52, 9.6975
0.47608113288879395, 52, 9.7165
0.48368287086486816, 53, 9.535
0.4898214340209961, 54, 9.353
0.4966752529144287, 54, 9.371
0.5040504932403564, 54, 9.389
0.5104787349700928, 55, 9.2065
0.5168092250823975, 56, 9.0235
0.52492356300354, 56, 9.040500000000002
0.5331907272338867, 57, 8.857000000000001
0.5398051738739014, 58, 8.673
0.5465297698974609, 58, 8.689
0.5540134906768799, 58, 8.705
0.560096025466919, 59, 8.5205
0.566786527633667, 59, 8.536
0.5748879909515381, 60, 8.350999999999999
0.5821163654327393, 60, 8.366
0.5883972644805908, 61, 8.1805
0.5951189994812012, 61, 8.195
0.6022248268127441, 62, 8.009
0.6088054180145264, 62, 8.023
0.6156425476074219, 62, 8.037
0.6238164901733398, 63, 7.8505
0.6317222118377686, 64, 7.6635
0.6381499767303467, 64, 7.676500000000001
0.644845724105835, 64, 7.689500000000001
0.6520111560821533, 65, 7.502000000000001
0.6631805896759033, 65, 7.5145
0.6692039966583252, 66, 7.326500000000001
0.6772465705871582, 66, 7.338500000000001
0.6845862865447998, 66, 7.3505
0.6916995048522949, 67, 7.162000000000001
0.6979172229766846, 67, 7.173500000000001
0.7046055793762207, 68, 6.984500000000001
0.7117118835449219, 68, 6.995500000000001
0.7179291248321533, 68, 7.006500000000001
0.7258634567260742, 68, 7.017500000000001
0.7340025901794434, 69, 6.828000000000001
0.7411518096923828, 69, 6.838500000000002
0.747147798538208, 70, 6.6485
0.754563570022583, 70, 6.658500000000001
0.7616751194000244, 70, 6.668500000000001
0.7679121494293213, 70, 6.678500000000001
0.7746095657348633, 71, 6.488000000000001
0.7829222679138184, 71, 6.4975000000000005
0.7890529632568359, 71, 6.507000000000001
0.7977404594421387, 72, 6.316000000000001
0.8045952320098877, 72, 6.325
0.8116903305053711, 72, 6.334
0.817899227142334, 72, 6.343
0.8248691558837891, 73, 6.1515
0.8351144790649414, 73, 6.16
0.8437628746032715, 73, 6.168500000000001
0.8500995635986328, 74, 5.976500000000001
0.8568239212036133, 74, 5.984500000000001
0.8642086982727051, 74, 5.992500000000001
0.8711414337158203, 74, 6.000500000000001
0.8771188259124756, 74, 6.0085000000000015
0.8851368427276611, 75, 5.816000000000001
0.89231276512146, 75, 5.823500000000001
0.8986876010894775, 75, 5.831000000000001
0.9057409763336182, 76, 5.638000000000001
0.9127976894378662, 76, 5.645000000000001
0.9189846515655518, 76, 5.652000000000001
0.9258291721343994, 76, 5.659000000000001
0.9340660572052002, 76, 5.666
0.9419262409210205, 76, 5.673
0.9484837055206299, 77, 5.4795
0.9552030563354492, 77, 5.486
0.9623589515686035, 77, 5.4925
0.9688363075256348, 77, 5.498999999999999
0.9757030010223389, 78, 5.305
0.9839718341827393, 78, 5.311
0.9901041984558105, 78, 5.317
0.9967217445373535, 78, 5.323
1.004094123840332, 78, 5.329000000000001
1.0105674266815186, 78, 5.335000000000001
1.0171358585357666, 78, 5.341000000000001
1.0245256423950195, 78, 5.347000000000001
1.032456636428833, 79, 5.152500000000002
1.0397205352783203, 79, 5.158000000000001
1.0466721057891846, 79, 5.163500000000002
1.054060697555542, 79, 5.169000000000002
1.0648698806762695, 80, 4.974000000000002
1.072052240371704, 80, 4.979000000000001
1.0784895420074463, 80, 4.984000000000002
1.0864064693450928, 80, 4.989000000000002
1.0938622951507568, 80, 4.9940000000000015
1.099975347518921, 80, 4.999000000000001
1.1066384315490723, 80, 5.004000000000001
1.1140854358673096, 80, 5.009000000000002
1.1205692291259766, 81, 4.813500000000001
1.1269457340240479, 81, 4.818000000000001
1.1349985599517822, 81, 4.822500000000002
1.143230676651001, 81, 4.827000000000001
1.149827241897583, 81, 4.831500000000001
1.1564140319824219, 81, 4.836000000000001
1.1638760566711426, 81, 4.8405000000000005
1.1699974536895752, 81, 4.845000000000001
1.1766798496246338, 81, 4.849500000000001
1.1848444938659668, 81, 4.854
1.1919870376586914, 81, 4.8585
1.1982886791229248, 82, 4.6625
1.2051012516021729, 82, 4.6665
1.21223783493042, 82, 4.6705
1.2184975147247314, 82, 4.6745
1.2251808643341064, 82, 4.6785
1.2323310375213623, 82, 4.682499999999999
1.2397456169128418, 82, 4.686499999999999
1.2477748394012451, 82, 4.690499999999998
1.2546286582946777, 82, 4.694499999999998
1.2617404460906982, 82, 4.6984999999999975
1.2681610584259033, 82, 4.702499999999998
1.2749671936035156, 82, 4.7064999999999975
1.2821953296661377, 82, 4.710499999999998
1.289665699005127, 82, 4.7144999999999975
1.2962377071380615, 82, 4.718499999999997
1.303619146347046, 82, 4.722499999999997
1.3097813129425049, 82, 4.726499999999996
1.316392183303833, 82, 4.730499999999996
1.324031114578247, 82, 4.734499999999996
1.3304851055145264, 82, 4.738499999999996
1.3381166458129883, 82, 4.742499999999996
1.3459703922271729, 82, 4.746499999999996
1.353574275970459, 82, 4.750499999999995
1.3597311973571777, 82, 4.754499999999995
1.3663125038146973, 82, 4.758499999999994
1.3738408088684082, 82, 4.762499999999994
1.3799278736114502, 82, 4.766499999999994
1.3880419731140137, 82, 4.770499999999994
1.3948447704315186, 82, 4.774499999999994
1.4065163135528564, 82, 4.778499999999994
1.4145629405975342, 82, 4.7824999999999935
1.4216878414154053, 82, 4.786499999999993
1.4289405345916748, 82, 4.790499999999993
1.4362890720367432, 82, 4.794499999999992
1.4456734657287598, 82, 4.798499999999992
1.4532568454742432, 82, 4.802499999999992
1.4640414714813232, 82, 4.806499999999992
1.4705142974853516, 82, 4.810499999999992
1.4770863056182861, 82, 4.814499999999992
1.4844603538513184, 82, 4.818499999999991
1.4922406673431396, 82, 4.822499999999991
1.4985096454620361, 82, 4.8264999999999905
1.505692958831787, 82, 4.83049999999999
1.5127663612365723, 82, 4.8344999999999905
1.5188992023468018, 82, 4.83849999999999
1.5257134437561035, 82, 4.8424999999999905
1.5330591201782227, 82, 4.84649999999999
1.5405333042144775, 82, 4.85049999999999
1.5480573177337646, 82, 4.854499999999989
1.5551137924194336, 82, 4.858499999999989
1.5623037815093994, 82, 4.862499999999988
1.5690274238586426, 82, 4.866499999999989
1.5758388042449951, 82, 4.870499999999988
1.5830209255218506, 82, 4.874499999999989
1.5900962352752686, 82, 4.878499999999988
1.5984678268432617, 82, 4.882499999999988
1.605252981185913, 82, 4.886499999999987
1.6124012470245361, 82, 4.890499999999987
1.618765115737915, 82, 4.8944999999999865
1.625755786895752, 82, 4.898499999999986
1.6328086853027344, 82, 4.9024999999999865
1.6389474868774414, 82, 4.906499999999986
1.6485648155212402, 82, 4.9104999999999865
1.6563379764556885, 82, 4.914499999999986
1.6642487049102783, 82, 4.918499999999986
1.6711955070495605, 82, 4.922499999999985
1.6771481037139893, 82, 4.926499999999985
1.6845207214355469, 82, 4.930499999999984
1.6922690868377686, 82, 4.934499999999985
1.698693037033081, 82, 4.938499999999984
1.705519437789917, 82, 4.942499999999985
1.712411880493164, 82, 4.946499999999984
1.718752145767212, 82, 4.950499999999984
1.7255744934082031, 82, 4.9544999999999835
1.7324333190917969, 82, 4.958499999999983
1.7387864589691162, 82, 4.962499999999983
1.7465052604675293, 82, 4.966499999999983
1.7547686100006104, 82, 4.970499999999983
1.7621369361877441, 82, 4.974499999999983
1.768467664718628, 82, 4.978499999999983
1.7751338481903076, 82, 4.982499999999982
1.7822792530059814, 82, 4.986499999999982
1.7885618209838867, 82, 4.990499999999981
1.7963781356811523, 82, 4.994499999999981
1.803999900817871, 82, 4.99849999999998
1.8105058670043945, 82, 5.002499999999981
1.8168275356292725, 82, 5.00649999999998
1.8241784572601318, 82, 5.010499999999981
1.8319950103759766, 82, 5.01449999999998
1.8382954597473145, 82, 5.01849999999998
1.8458690643310547, 82, 5.0224999999999795
1.85400390625, 82, 5.026499999999979
1.864901065826416, 82, 5.030499999999979
1.8720321655273438, 82, 5.034499999999979
1.8784582614898682, 82, 5.038499999999979
1.885538101196289, 82, 5.042499999999979
1.8924813270568848, 82, 5.046499999999979
1.8999199867248535, 82, 5.050499999999978
1.9065003395080566, 82, 5.054499999999978
1.9140386581420898, 82, 5.058499999999977
1.9205262660980225, 82, 5.062499999999977
1.9270875453948975, 82, 5.066499999999977
1.9342994689941406, 82, 5.070499999999977
1.9412345886230469, 82, 5.074499999999977
1.9484515190124512, 82, 5.078499999999977
1.9562947750091553, 82, 5.0824999999999765
1.9640414714813232, 82, 5.086499999999976
1.970099925994873, 82, 5.090499999999976
1.9768152236938477, 82, 5.094499999999975
1.9843175411224365, 82, 5.098499999999975
1.9912059307098389, 82, 5.102499999999975
1.9982624053955078, 82, 5.106499999999975
2.0050582885742188, 82, 5.110499999999975
2.0122077465057373, 82, 5.114499999999975
2.018512487411499, 82, 5.118499999999974
2.025197982788086, 82, 5.122499999999974
2.0323610305786133, 82, 5.126499999999973
2.0387375354766846, 82, 5.130499999999973
2.045747995376587, 82, 5.134499999999973
2.0542004108428955, 82, 5.138499999999973
2.0624027252197266, 82, 5.142499999999973
2.068767786026001, 82, 5.146499999999973
2.0755693912506104, 82, 5.1504999999999725
2.082451820373535, 82, 5.154499999999972
2.0888137817382812, 82, 5.158499999999972
2.095655679702759, 82, 5.162499999999971
2.1039466857910156, 82, 5.166499999999972
2.11004900932312, 82, 5.170499999999971
2.1166985034942627, 82, 5.174499999999972
2.1240780353546143, 82, 5.178499999999971
2.1305134296417236, 82, 5.182499999999971
2.136913537979126, 82, 5.18649999999997
2.144181251525879, 82, 5.19049999999997
2.1520824432373047, 82, 5.1944999999999695
2.159475564956665, 82, 5.198499999999969
2.1664271354675293, 82, 5.2024999999999695
2.173919677734375, 82, 5.206499999999969
2.1800146102905273, 82, 5.2104999999999695
2.186939239501953, 82, 5.214499999999969
2.194211006164551, 82, 5.218499999999969
2.2022039890289307, 82, 5.222499999999968
2.2085163593292236, 82, 5.226499999999968
2.215195894241333, 82, 5.230499999999967
2.222324848175049, 82, 5.234499999999968
2.2288310527801514, 82, 5.238499999999967
2.235630512237549, 82, 5.242499999999968
2.242708683013916, 82, 5.246499999999967
2.249831438064575, 82, 5.250499999999967
2.2578909397125244, 82, 5.254499999999966
2.269150733947754, 82, 5.258499999999966
2.276142120361328, 82, 5.2624999999999655
2.283780574798584, 82, 5.266499999999966
2.289902687072754, 82, 5.2704999999999655
2.296491861343384, 82, 5.274499999999966
2.304626226425171, 82, 5.2784999999999656
2.3116977214813232, 82, 5.282499999999965
2.318070650100708, 82, 5.286499999999965
2.324713945388794, 82, 5.290499999999964
2.331780195236206, 82, 5.294499999999964
2.3379745483398438, 82, 5.298499999999963
2.3448328971862793, 82, 5.302499999999964
2.352908134460449, 82, 5.306499999999963
2.36006760597229, 82, 5.310499999999964
2.3670103549957275, 82, 5.314499999999963
2.3743062019348145, 82, 5.318499999999963
2.381242036819458, 82, 5.3224999999999625
2.3871922492980957, 82, 5.326499999999962
2.3944244384765625, 82, 5.330499999999962
2.4085381031036377, 82, 5.334499999999962
2.4155240058898926, 82, 5.338499999999962
2.4232001304626465, 82, 5.342499999999962
2.4294910430908203, 82, 5.346499999999962
2.4360737800598145, 82, 5.350499999999961
2.443660020828247, 82, 5.354499999999961
2.4498331546783447, 82, 5.35849999999996
2.4575910568237305, 82, 5.36249999999996
2.4672083854675293, 82, 5.36649999999996
2.4745984077453613, 82, 5.37049999999996
2.4817347526550293, 82, 5.37449999999996
2.4879090785980225, 82, 5.37849999999996
2.494581699371338, 82, 5.382499999999959
2.5016798973083496, 82, 5.386499999999959
2.5088260173797607, 82, 5.3904999999999585
2.5156447887420654, 82, 5.394499999999958
2.5228774547576904, 82, 5.398499999999958
2.5290138721466064, 82, 5.402499999999958
2.5358424186706543, 82, 5.406499999999958
2.5429084300994873, 82, 5.410499999999958
2.549018621444702, 82, 5.414499999999958
2.556802272796631, 82, 5.418499999999957
2.5648250579833984, 82, 5.422499999999957
2.5721652507781982, 82, 5.426499999999956
2.5787360668182373, 82, 5.430499999999956
2.585764169692993, 82, 5.434499999999956
2.5928761959075928, 82, 5.438499999999956
2.5989956855773926, 82, 5.442499999999956
2.6064529418945312, 82, 5.446499999999956
2.613931894302368, 82, 5.4504999999999555
2.620079517364502, 82, 5.454499999999955
2.6267008781433105, 82, 5.458499999999955
2.6340818405151367, 82, 5.462499999999954
2.6405413150787354, 82, 5.466499999999955
2.647089958190918, 82, 5.470499999999954
2.6543095111846924, 82, 5.474499999999955
2.6663312911987305, 82, 5.478499999999954
2.674234390258789, 82, 5.482499999999954
2.6811888217926025, 82, 5.486499999999953
2.687556505203247, 82, 5.490499999999953
2.694586992263794, 82, 5.494499999999952
2.7017362117767334, 82, 5.498499999999953
2.709028482437134, 82, 5.502499999999952
2.7158408164978027, 82, 5.506499999999952
2.722912311553955, 82, 5.510499999999952
2.729041814804077, 82, 5.514499999999952
2.7358334064483643, 82, 5.5184999999999516
2.7429122924804688, 82, 5.522499999999951
2.749037981033325, 82, 5.526499999999951
2.755828857421875, 82, 5.53049999999995
2.7648673057556152, 82, 5.534499999999951
2.7723121643066406, 82, 5.53849999999995
2.778563976287842, 82, 5.542499999999951
2.7852537631988525, 82, 5.54649999999995
2.792417287826538, 82, 5.55049999999995
2.7987799644470215, 82, 5.554499999999949
2.8056435585021973, 82, 5.558499999999949
2.813950777053833, 82, 5.5624999999999485
2.820042371749878, 82, 5.566499999999949
2.8280928134918213, 82, 5.5704999999999485
2.835016965866089, 82, 5.574499999999949
2.8421802520751953, 82, 5.5784999999999485
2.8484854698181152, 82, 5.582499999999948
2.8551547527313232, 82, 5.586499999999948
2.8636245727539062, 82, 5.590499999999947
2.8717358112335205, 82, 5.594499999999947
2.8779265880584717, 82, 5.598499999999947
2.8847362995147705, 82, 5.602499999999946
2.8918375968933105, 82, 5.606499999999947
2.898108959197998, 82, 5.610499999999947
2.9047937393188477, 82, 5.614499999999946
2.9128670692443848, 82, 5.618499999999946
2.919013261795044, 82, 5.622499999999945
2.925865650177002, 82, 5.626499999999945
2.932999610900879, 82, 5.6304999999999445
2.9390339851379395, 82, 5.634499999999944
2.9459939002990723, 82, 5.6384999999999454
2.9531731605529785, 82, 5.642499999999945
2.959523916244507, 82, 5.646499999999945
2.9681670665740967, 82, 5.650499999999944
2.975660800933838, 82, 5.654499999999944
2.982757568359375, 82, 5.658499999999943
2.9888596534729004, 82, 5.662499999999943
2.995704412460327, 82, 5.666499999999942
3.0029189586639404, 82, 5.670499999999944
3.0090527534484863, 82, 5.674499999999943
3.01678466796875, 82, 5.678499999999943
3.0241270065307617, 82, 5.682499999999942
3.031033754348755, 82, 5.686499999999942
3.0370166301727295, 82, 5.6904999999999415
3.0443193912506104, 82, 5.694499999999941
3.051267385482788, 82, 5.698499999999941
3.057237148284912, 82, 5.70249999999994
3.0700957775115967, 82, 5.7064999999999415
3.0775322914123535, 82, 5.710499999999941
3.0846006870269775, 82, 5.714499999999941
3.091712713241577, 82, 5.71849999999994
3.0982205867767334, 82, 5.72249999999994
3.104884147644043, 82, 5.726499999999939
3.112053155899048, 82, 5.730499999999939
3.1191747188568115, 82, 5.734499999999938
3.1261610984802246, 82, 5.73849999999994
3.1335065364837646, 82, 5.742499999999939
3.1396379470825195, 82, 5.746499999999939
3.1461870670318604, 82, 5.750499999999938
3.153541088104248, 82, 5.754499999999938
3.1596591472625732, 82, 5.758499999999938
3.1682863235473633, 82, 5.762499999999937
3.175583839416504, 82, 5.766499999999937
3.1824676990509033, 82, 5.770499999999938
3.188939332962036, 82, 5.774499999999938
3.195775032043457, 82, 5.778499999999937
3.2044119834899902, 82, 5.782499999999937
3.211272954940796, 82, 5.786499999999936
3.218430757522583, 82, 5.790499999999936
3.2256062030792236, 82, 5.794499999999935
3.232710361480713, 82, 5.798499999999935
3.2388346195220947, 82, 5.8024999999999345
3.245872974395752, 82, 5.806499999999936
3.2530038356781006, 82, 5.810499999999935
3.259014844894409, 82, 5.814499999999935
3.265843152999878, 82, 5.8184999999999345
3.2763776779174805, 82, 5.822499999999934
3.284095525741577, 82, 5.826499999999934
3.290984869003296, 82, 5.830499999999933
3.2969930171966553, 82, 5.834499999999933
3.3043949604034424, 82, 5.838499999999934
3.3112196922302246, 82, 5.842499999999934
3.3183107376098633, 82, 5.846499999999933
3.3251211643218994, 82, 5.850499999999933
3.3322219848632812, 82, 5.854499999999932
3.338515520095825, 82, 5.858499999999932
3.345259666442871, 82, 5.862499999999931
3.3523576259613037, 82, 5.866499999999931
3.358849048614502, 82, 5.870499999999932
3.3658690452575684, 82, 5.874499999999932
3.3748505115509033, 82, 5.8784999999999314
3.382176160812378, 82, 5.882499999999931
3.388458013534546, 82, 5.886499999999931
3.399726152420044, 82, 5.89049999999993
3.4064958095550537, 82, 5.89449999999993
3.4139280319213867, 82, 5.898499999999929
3.4242424964904785, 82, 5.902499999999931
3.438326120376587, 82, 5.90649999999993
3.4522533416748047, 82, 5.91049999999993
3.472033739089966, 82, 5.914499999999929
3.4872381687164307, 82, 5.918499999999929
3.5039918422698975, 82, 5.922499999999928
3.517998456954956, 82, 5.926499999999928
3.5336174964904785, 82, 5.9304999999999275
3.5448169708251953, 82, 5.934499999999927
3.5597128868103027, 82, 5.938499999999928
3.5664172172546387, 82, 5.942499999999928
3.5745460987091064, 82, 5.9464999999999275
3.5819201469421387, 82, 5.950499999999927
3.5881855487823486, 82, 5.954499999999927
3.594888925552368, 82, 5.958499999999926
3.6020562648773193, 82, 5.962499999999926
3.619500160217285, 82, 5.966499999999925
3.6319456100463867, 82, 5.970499999999927
3.6388134956359863, 82, 5.974499999999926
3.645662546157837, 82, 5.978499999999926
3.6527318954467773, 82, 5.982499999999925
3.6588335037231445, 82, 5.986499999999925
3.666536569595337, 82, 5.990499999999924
3.6740567684173584, 82, 5.994499999999924
3.68221116065979, 82, 5.998499999999924
3.6885054111480713, 82, 6.002499999999925
3.6951916217803955, 82, 6.0064999999999245
3.702338218688965, 82, 6.010499999999924
3.7086989879608154, 82, 6.014499999999924
3.716172218322754, 82, 6.018499999999923
3.7237305641174316, 82, 6.022499999999923
3.729914903640747, 82, 6.026499999999922
3.736499309539795, 82, 6.030499999999922
3.7439677715301514, 82, 6.034499999999921
3.750082015991211, 82, 6.038499999999923
3.7569875717163086, 82, 6.042499999999922
3.7652180194854736, 82, 6.046499999999922
3.772348165512085, 82, 6.050499999999921
3.7797651290893555, 82, 6.054499999999921
3.786954641342163, 82, 6.0584999999999205
3.7941975593566895, 82, 6.06249999999992
3.8011038303375244, 82, 6.06649999999992
3.807042121887207, 82, 6.070499999999921
3.8150644302368164, 82, 6.0744999999999205
3.8222179412841797, 82, 6.07849999999992
3.829590082168579, 82, 6.08249999999992
3.8361427783966064, 82, 6.086499999999919
3.8436949253082275, 82, 6.090499999999919
3.8498380184173584, 82, 6.094499999999918
3.856423854827881, 82, 6.098499999999918
3.869035482406616, 82, 6.102499999999919
3.8777220249176025, 82, 6.106499999999919
3.8849663734436035, 82, 6.110499999999918
3.892158269882202, 82, 6.114499999999918
3.898714065551758, 82, 6.1184999999999174
3.905721664428711, 82, 6.122499999999917
3.9128246307373047, 82, 6.126499999999917
3.9200570583343506, 82, 6.130499999999916
3.9266819953918457, 82, 6.134499999999916
3.9340436458587646, 82, 6.138499999999917
3.9405033588409424, 82, 6.142499999999917
3.946807384490967, 82, 6.146499999999916
3.954141616821289, 82, 6.150499999999916
3.961043357849121, 82, 6.154499999999915
3.9683408737182617, 82, 6.158499999999915
3.97511625289917, 82, 6.162499999999914
3.9832406044006348, 82, 6.166499999999914
3.989847421646118, 82, 6.170499999999915
3.9964261054992676, 82, 6.174499999999915
4.0050208568573, 82, 6.178499999999914
4.012169122695923, 82, 6.182499999999914
4.019755840301514, 82, 6.1864999999999135
4.026511907577515, 82, 6.190499999999913
4.033932447433472, 82, 6.194499999999913
4.040014743804932, 82, 6.198499999999912
4.046668529510498, 82, 6.2024999999999135
4.054036855697632, 82, 6.206499999999913
4.060508489608765, 82, 6.210499999999913
4.066797733306885, 82, 6.214499999999912
4.074737787246704, 82, 6.218499999999912
4.083865404129028, 82, 6.222499999999911
4.091789484024048, 82, 6.226499999999911
4.0982537269592285, 82, 6.23049999999991
4.104933023452759, 82, 6.23449999999991
4.1121251583099365, 82, 6.238499999999911
4.119610071182251, 82, 6.242499999999911
4.126179218292236, 82, 6.2464999999999105
4.133540868759155, 82, 6.25049999999991
4.139647006988525, 82, 6.25449999999991
4.146334409713745, 82, 6.258499999999909
4.153810262680054, 82, 6.262499999999909
4.15987753868103, 82, 6.266499999999908
4.166489124298096, 82, 6.27049999999991
4.1745476722717285, 82, 6.274499999999909
4.181687116622925, 82, 6.278499999999909
4.188815355300903, 82, 6.282499999999908
4.195847511291504, 82, 6.286499999999908
4.203198194503784, 82, 6.290499999999907
4.209475755691528, 82, 6.294499999999907
4.2160584926605225, 82, 6.2984999999999065
4.224189281463623, 82, 6.302499999999908
4.231121778488159, 82, 6.306499999999907
4.2370765209198, 82, 6.310499999999907
4.244312524795532, 82, 6.3144999999999065
4.251204967498779, 82, 6.318499999999906
4.257173538208008, 82, 6.322499999999906
4.268344163894653, 82, 6.326499999999905
4.276254177093506, 82, 6.330499999999905
4.283793210983276, 82, 6.334499999999904
4.291798114776611, 82, 6.338499999999906
4.2984702587127686, 82, 6.342499999999905
4.305144309997559, 82, 6.346499999999905
4.312244653701782, 82, 6.350499999999904
4.318556070327759, 82, 6.354499999999904
4.3262410163879395, 82, 6.3584999999999035
4.333681583404541, 82, 6.362499999999903
4.339833974838257, 82, 6.366499999999903
4.346454620361328, 82, 6.370499999999904
4.353912115097046, 82, 6.3744999999999035
4.360000371932983, 82, 6.378499999999903
4.366636514663696, 82, 6.382499999999903
4.374788999557495, 82, 6.386499999999902
4.381889343261719, 82, 6.390499999999902
4.389124870300293, 82, 6.394499999999901
4.396176099777222, 82, 6.398499999999901
4.403831481933594, 82, 6.402499999999902
4.4099249839782715, 82, 6.406499999999902
4.416487455368042, 82, 6.410499999999901
4.424728631973267, 82, 6.414499999999901
4.431853532791138, 82, 6.4184999999999
4.438088893890381, 82, 6.4224999999999
4.444882154464722, 82, 6.4264999999998995
4.452032804489136, 82, 6.430499999999899
4.458319187164307, 82, 6.434499999999899
4.464960813522339, 82, 6.4384999999999
4.472121477127075, 82, 6.4424999999998995
4.479834794998169, 82, 6.446499999999899
4.486443281173706, 82, 6.450499999999899
4.4945738315582275, 82, 6.454499999999898
4.5019309520721436, 82, 6.458499999999898
4.50832986831665, 82, 6.462499999999897
4.515003681182861, 82, 6.466499999999897
4.5221710205078125, 82, 6.470499999999898
4.529584884643555, 82, 6.474499999999898
4.5363099575042725, 82, 6.478499999999897
4.543802261352539, 82, 6.482499999999897
4.54991602897644, 82, 6.4864999999998965
4.556501865386963, 82, 6.490499999999896
4.564103126525879, 82, 6.494499999999896
4.570585250854492, 82, 6.498499999999895
4.578149318695068, 82, 6.5024999999998965
4.58492636680603, 82, 6.506499999999896
4.593078136444092, 82, 6.510499999999896
4.599657297134399, 82, 6.514499999999895
4.606202602386475, 82, 6.518499999999895
4.6135640144348145, 82, 6.522499999999894
4.619690895080566, 82, 6.526499999999894
4.627770900726318, 82, 6.530499999999893
4.634567499160767, 82, 6.534499999999893
4.641634225845337, 82, 6.538499999999894
4.647790193557739, 82, 6.542499999999894
4.6545727252960205, 82, 6.546499999999893
4.661677360534668, 82, 6.550499999999893
4.673600435256958, 82, 6.5544999999998925
4.681537389755249, 82, 6.558499999999892
4.6879026889801025, 82, 6.562499999999892
4.695749044418335, 82, 6.566499999999891
4.703138589859009, 82, 6.5704999999998925
4.709169864654541, 82, 6.574499999999892
4.715997695922852, 82, 6.578499999999892
4.723186254501343, 82, 6.582499999999891
4.730576515197754, 82, 6.586499999999891
4.737004041671753, 82, 6.59049999999989
4.744344234466553, 82, 6.59449999999989
4.751235723495483, 82, 6.5984999999998895
4.757183313369751, 82, 6.602499999999891
4.76441216468811, 82, 6.60649999999989
4.771275520324707, 82, 6.61049999999989
4.777235746383667, 82, 6.6144999999998895
4.785156965255737, 82, 6.618499999999889
4.793689250946045, 82, 6.622499999999889
4.802191972732544, 82, 6.626499999999888
4.808729648590088, 82, 6.630499999999888
4.815510988235474, 82, 6.634499999999887
4.822452068328857, 82, 6.638499999999889
4.831544876098633, 82, 6.642499999999888
4.837271690368652, 82, 6.646499999999888
4.844440937042236, 82, 6.650499999999887
4.851539850234985, 82, 6.654499999999887
4.857497453689575, 82, 6.658499999999886
4.864597797393799, 82, 6.662499999999886
4.871683359146118, 82, 6.6664999999998855
4.877921104431152, 82, 6.670499999999887
4.885633230209351, 82, 6.674499999999886
4.894366025924683, 82, 6.678499999999886
4.902309894561768, 82, 6.6824999999998855
4.908937454223633, 82, 6.686499999999885
4.915771484375, 82, 6.690499999999885
4.923138856887817, 82, 6.694499999999884
4.929124355316162, 82, 6.698499999999884
4.93679404258728, 82, 6.702499999999885
4.94408917427063, 82, 6.706499999999885
4.950534343719482, 82, 6.710499999999884
4.956906795501709, 82, 6.714499999999884
4.9642040729522705, 82, 6.718499999999883
4.971163988113403, 82, 6.722499999999883
4.97713565826416, 82, 6.7264999999998825
4.985284805297852, 82, 6.730499999999882
5.005533456802368, 82, 6.734499999999882
