0.023384809494018555, 0, 100
0.0377047061920166, 0, 100
0.04990243911743164, 2, 100
0.06328630447387695, 6, 100
0.06959319114685059, 9, 100
0.07485771179199219, 12, 100
0.08139491081237793, 15, 100
0.08663654327392578, 18, 100
0.09275531768798828, 22, 100
0.09925532341003418, 26, 100
0.10430479049682617, 30, 100
0.11082673072814941, 33, 100
0.11741805076599121, 39, 100
0.12356162071228027, 44, 100
0.12983965873718262, 49, 100
0.13548612594604492, 54, 100
0.14629292488098145, 59, 100
0.1528019905090332, 70, 100
0.1593620777130127, 76, 100
0.17126846313476562, 82, 100
0.18038606643676758, 96, -100
0.19541478157043457, 104, -100
0.20476722717285156, 118, -100
0.21944475173950195, 126, -100
0.23065876960754395, 132, -100
0.24456119537353516, 138, -100
0.25917696952819824, 142, -100
0.2732267379760742, 144, -100
0.2855846881866455, 144, -100
0.29484987258911133, 142, -100
0.3016970157623291, 141, -100
0.3072171211242676, 140, -100
0.3131983280181885, 138, -100
0.31952834129333496, 136, -100
0.33530282974243164, 131, -100
0.3493344783782959, 124, -100
0.3607141971588135, 115, -100
0.36665797233581543, 110, -100
0.37267398834228516, 104, -100
0.37926745414733887, 99, -100
0.3846108913421631, 94, -68
0.391434907913208, 91, -17
0.3981187343597412, 84, 100
0.40372133255004883, 80, 100
0.41009044647216797, 76, 100
0.4157886505126953, 72, 100
0.4219076633453369, 68, 100
0.42743754386901855, 65, 100
0.4334125518798828, 62, 100
0.4397261142730713, 60, 100
0.4471626281738281, 58, 100
0.4534914493560791, 56, 100
0.4597969055175781, 54, 100
0.465465784072876, 54, 100
0.47157764434814453, 53, 100
0.4768080711364746, 53, 100
0.4827919006347656, 54, 100
0.4893200397491455, 54, 100
0.4956784248352051, 55, 100
0.5018916130065918, 57, 100
0.5074388980865479, 58, 100
0.5135700702667236, 60, 100
0.5198845863342285, 63, 100
0.5255281925201416, 66, 100
0.5316541194915771, 68, 100
0.537193775177002, 72, 100
0.5431463718414307, 75, 100
0.5514161586761475, 80, 100
0.5566556453704834, 85, 85
0.5626301765441895, 89, 17
0.569159746170044, 92, -34
0.5755870342254639, 98, -100
0.5817880630493164, 102, -100
0.5873203277587891, 106, -100
0.5933232307434082, 108, -100
0.6007215976715088, 111, -100
0.6061215400695801, 114, -100
0.6122450828552246, 116, -100
0.6180789470672607, 117, -100
0.623725414276123, 118, -100
0.6300337314605713, 119, -100
0.6358802318572998, 120, -100
0.6421840190887451, 120, -100
0.650376558303833, 120, -100
0.6560883522033691, 119, -100
0.6622769832611084, 118, -100
0.6681599617004395, 117, -100
0.6737656593322754, 115, -100
0.6802923679351807, 114, -100
0.6858029365539551, 111, -100
0.6921000480651855, 109, -100
0.699390172958374, 106, -100
0.7046787738800049, 102, -100
0.711235523223877, 100, -100
0.7164874076843262, 95, -85
0.72654128074646, 91, -17
0.7328236103057861, 84, 100
0.7393219470977783, 81, 100
0.744722843170166, 77, 100
0.7533371448516846, 73, 100
0.7596580982208252, 71, 100
0.765195369720459, 68, 100
0.771660566329956, 67, 100
0.7771444320678711, 65, 100
0.7828633785247803, 64, 100
0.7893946170806885, 63, 100
0.7963407039642334, 63, 100
0.8033943176269531, 63, 100
0.8096675872802734, 64, 100
0.8153882026672363, 64, 100
0.8215789794921875, 66, 100
0.8268139362335205, 67, 100
0.8328156471252441, 69, 100
0.8392770290374756, 71, 100
0.8443281650543213, 74, 100
0.853410005569458, 77, 100
0.8608853816986084, 80, 100
0.8665962219238281, 85, 85
0.8727691173553467, 89, 17
0.8793091773986816, 93, -51
0.8846168518066406, 97, -100
0.8912692070007324, 100, -100
0.8965821266174316, 103, -100
0.9038217067718506, 106, -100
0.9103593826293945, 108, -100
0.9158706665039062, 110, -100
0.9220190048217773, 112, -100
0.9276008605957031, 113, -100
0.9337742328643799, 114, -100
0.9403209686279297, 114, -100
0.9458544254302979, 114, -100
0.9519853591918945, 114, -100
0.9602930545806885, 113, -100
0.966040849685669, 112, -100
0.9721968173980713, 110, -100
0.9780731201171875, 109, -100
0.9837353229522705, 107, -100
0.9900603294372559, 104, -100
0.9959020614624023, 102, -100
1.002058506011963, 99, -100
1.0092542171478271, 95, -85
1.014406442642212, 92, -34
1.0213649272918701, 88, 34
1.0265679359436035, 85, 85
1.0327413082122803, 82, 100
1.0392365455627441, 79, 100
1.0442883968353271, 76, 100
1.051161766052246, 75, 100
1.0591659545898438, 73, 100
1.0645477771759033, 71, 100
1.0711374282836914, 70, 100
1.0763907432556152, 70, 100
1.0823848247528076, 70, 100
1.0886600017547607, 70, 100
1.0938720703125, 70, 100
1.100341796875, 71, 100
1.1065962314605713, 72, 100
1.1127386093139648, 74, 100
1.1193344593048096, 76, 100
1.1288771629333496, 78, 100
1.1342902183532715, 82, 100
1.1411502361297607, 84, 100
1.146392583847046, 88, 34
1.1526315212249756, 92, -34
1.1611628532409668, 94, -68
1.166682243347168, 100, -100
1.1728219985961914, 102, -100
1.1793344020843506, 104, -100
1.1846122741699219, 106, -100
1.1908822059631348, 107, -100
1.1963906288146973, 108, -100
1.2024073600769043, 110, -100
1.2097768783569336, 110, -100
1.2153997421264648, 110, -100
1.22159743309021, 110, -100
1.2271170616149902, 110, -100
1.23323392868042, 108, -100
1.2395524978637695, 108, -100
1.2447841167449951, 106, -100
1.2512702941894531, 104, -100
1.2575514316558838, 102, -100
1.2646865844726562, 100, -100
1.271345615386963, 97, -100
1.2765998840332031, 94, -68
1.282644510269165, 91, -17
1.2891600131988525, 89, 17
1.294590950012207, 84, 100
1.30116605758667, 82, 100
1.3063867092132568, 80, 100
1.313417911529541, 77, 100
1.319701910018921, 75, 100
1.32521390914917, 74, 100
1.3314769268035889, 73, 100
1.3366978168487549, 72, 100
1.3426733016967773, 72, 100
1.3491668701171875, 72, 100
1.3544259071350098, 72, 100
1.3625831604003906, 73, 100
1.3693273067474365, 75, 100
1.3745684623718262, 76, 100
1.3808355331420898, 77, 100
1.3861801624298096, 79, 100
1.3922524452209473, 82, 100
1.398122787475586, 84, 100
1.403728723526001, 88, 34
1.4114711284637451, 91, -17
1.416727066040039, 95, -85
1.4228837490081787, 98, -100
1.4294443130493164, 100, -100
1.434706211090088, 102, -100
1.4412777423858643, 104, -100
1.4465441703796387, 106, -100
1.452580451965332, 106, -100
1.4588768482208252, 107, -100
1.465975284576416, 108, -100
1.4725115299224854, 108, -100
1.4788193702697754, 107, -100
1.4840121269226074, 106, -100
1.490497350692749, 106, -100
1.4959585666656494, 105, -100
1.5020549297332764, 103, -100
1.507676362991333, 102, -100
1.5146803855895996, 100, -100
1.5212938785552979, 96, -100
1.5314350128173828, 94, -68
1.5366859436035156, 88, 34
1.5428190231323242, 85, 85
1.549307107925415, 82, 100
1.5546925067901611, 80, 100
1.5613067150115967, 77, 100
1.5696806907653809, 75, 100
1.5760650634765625, 74, 100
1.5821208953857422, 72, 100
1.5876514911651611, 72, 100
1.595630407333374, 72, 100
1.601809024810791, 72, 100
1.6072986125946045, 72, 100
1.6132519245147705, 72, 100
1.6205222606658936, 74, 100
1.6259288787841797, 75, 100
1.6320271492004395, 76, 100
1.6375479698181152, 78, 100
1.6435301303863525, 81, 100
1.6497702598571777, 84, 100
1.6555767059326172, 86, 68
1.6617302894592285, 90, 0
1.6714470386505127, 95, -85
1.6772129535675049, 98, -100
1.6834020614624023, 100, -100
1.6896986961364746, 103, -100
1.6953024864196777, 104, -100
1.7015953063964844, 106, -100
1.7070879936218262, 107, -100
1.7132179737091064, 108, -100
1.720473289489746, 108, -100
1.7259280681610107, 108, -100
1.7320530414581299, 108, -100
1.7375924587249756, 107, -100
1.743562936782837, 106, -100
1.7498350143432617, 104, -100
1.7554962635040283, 103, -100
1.761674404144287, 101, -100
1.7696218490600586, 98, -100
1.7756881713867188, 95, -85
1.7818329334259033, 92, -34
1.7873854637145996, 89, 17
1.7933788299560547, 86, 68
1.7996697425842285, 83, 100
1.8051695823669434, 80, 100
1.8116121292114258, 78, 100
1.8186891078948975, 77, 100
1.8238880634307861, 75, 100
1.830629825592041, 74, 100
1.8360025882720947, 74, 100
1.8420660495758057, 73, 100
1.8476111888885498, 73, 100
1.8535945415496826, 74, 100
1.8598418235778809, 74, 100
1.8653934001922607, 76, 100
1.8731555938720703, 77, 100
1.8794429302215576, 79, 100
1.884669542312622, 81, 100
1.8913359642028809, 83, 100
1.8965671062469482, 86, 68
1.9025702476501465, 89, 17
1.9088928699493408, 92, -34
1.9141020774841309, 95, -85
1.9218828678131104, 97, -100
1.9319393634796143, 100, -100
1.9374866485595703, 103, -100
1.9437804222106934, 104, -100
1.9506256580352783, 105, -100
1.9560134410858154, 106, -100
1.962144374847412, 106, -100
1.9698290824890137, 106, -100
1.9757497310638428, 105, -100
1.9819066524505615, 104, -100
1.9875304698944092, 102, -100
1.9935660362243652, 101, -100
1.9998607635498047, 99, -100
2.005500555038452, 97, -100
2.0117998123168945, 94, -68
2.0173115730285645, 92, -34
2.0240583419799805, 88, 34
2.0306332111358643, 86, 68
2.036015748977661, 83, 100
2.042117118835449, 81, 100
2.0475988388061523, 79, 100
2.0535058975219727, 77, 100
2.0597751140594482, 76, 100
2.065329074859619, 75, 100
2.0733330249786377, 75, 100
2.0798256397247314, 74, 100
2.085391044616699, 75, 100
2.0915729999542236, 76, 100
2.0967864990234375, 76, 100
2.102774143218994, 78, 100
2.1092305183410645, 79, 100
2.114246368408203, 81, 100
2.1206963062286377, 83, 100
2.1272614002227783, 86, 68
2.1334035396575928, 89, 17
2.1397347450256348, 92, -34
2.1453678607940674, 94, -68
2.151660680770874, 97, -100
2.1572000980377197, 99, -100
2.163177490234375, 101, -100
2.1695175170898438, 102, -100
2.1771907806396484, 104, -100
2.183203935623169, 104, -100
2.1895346641540527, 104, -100
2.195319414138794, 104, -100
2.2016942501068115, 104, -100
2.207200288772583, 103, -100
2.2131876945495605, 102, -100
2.2195136547088623, 100, -100
2.2259252071380615, 98, -100
2.2320244312286377, 96, -100
2.237574815750122, 94, -68
2.2435853481292725, 92, -34
2.2498326301574707, 88, 34
2.255659818649292, 86, 68
2.2617759704589844, 84, 100
2.267249584197998, 81, 100
2.275508403778076, 80, 100
2.281862497329712, 78, 100
2.2873568534851074, 77, 100
2.2933075428009033, 76, 100
2.2996439933776855, 76, 100
2.3051159381866455, 76, 100
2.3115711212158203, 76, 100
2.3167951107025146, 77, 100
2.3227546215057373, 78, 100
2.3339779376983643, 79, 100
2.340684652328491, 82, 100
2.3460452556610107, 84, 100
2.3523247241973877, 86, 68
2.3585803508758545, 90, 0
2.36395263671875, 93, -51
2.3706581592559814, 95, -85
2.378657341003418, 98, -100
2.3841207027435303, 100, -100
2.394141912460327, 102, -100
2.4008145332336426, 104, -100
2.406306505203247, 104, -100
2.4126834869384766, 104, -100
2.4192230701446533, 104, -100
2.4242804050445557, 104, -100
2.431931257247925, 102, -100
2.4374897480010986, 101, -100
2.443469285964966, 100, -100
2.4497756958007812, 98, -100
2.455364942550659, 96, -100
2.4617865085601807, 94, -68
2.467287063598633, 91, -17
2.4732818603515625, 88, 34
2.4828739166259766, 84, 100
2.4896953105926514, 82, 100
2.495410680770874, 80, 100
2.5015740394592285, 78, 100
2.5067765712738037, 77, 100
2.512739658355713, 76, 100
2.519216537475586, 76, 100
2.5242457389831543, 76, 100
2.5316789150238037, 76, 100
2.537170171737671, 76, 100
2.5428614616394043, 78, 100
2.54939603805542, 78, 100
2.5547549724578857, 80, 100
2.561244487762451, 82, 100
2.5664501190185547, 84, 100
2.5724263191223145, 86, 68
2.5816287994384766, 89, 17
2.587388515472412, 93, -51
2.5935370922088623, 95, -85
2.599825143814087, 98, -100
2.605478286743164, 100, -100
2.611781597137451, 102, -100
2.617309093475342, 103, -100
2.6232967376708984, 104, -100
2.6305203437805176, 104, -100
2.636070966720581, 105, -100
2.6421825885772705, 104, -100
2.647714614868164, 104, -100
2.653696298599243, 103, -100
2.660036325454712, 102, -100
2.6657016277313232, 100, -100
2.671987533569336, 99, -100
2.6775095462799072, 97, -100
2.6855247020721436, 94, -68
2.691753625869751, 91, -17
2.697248935699463, 88, 34
2.7032253742218018, 86, 68
2.7095465660095215, 83, 100
2.714789867401123, 81, 100
2.7215163707733154, 79, 100
2.726726770401001, 78, 100
2.7376184463500977, 76, 100
2.743764638900757, 76, 100
2.750042676925659, 76, 100
2.7558341026306152, 76, 100
2.762058973312378, 76, 100
2.7675940990448, 78, 100
2.773554563522339, 78, 100
2.780827283859253, 80, 100
2.7875359058380127, 83, 100
2.7936601638793945, 85, 85
2.7999415397644043, 88, 34
2.8055977821350098, 90, 0
2.8117151260375977, 93, -51
2.817220449447632, 96, -100
2.823136806488037, 98, -100
2.82977294921875, 100, -100
2.8363430500030518, 101, -100
2.842313528060913, 102, -100
2.8485822677612305, 103, -100
2.8539750576019287, 103, -100
2.860633611679077, 103, -100
2.866029739379883, 103, -100
2.8721280097961426, 102, -100
2.8776354789733887, 101, -100
2.885810136795044, 100, -100
2.892261028289795, 97, -100
2.8981361389160156, 96, -100
2.9037487506866455, 94, -68
2.9100892543792725, 91, -17
2.9159648418426514, 88, 34
2.9220571517944336, 86, 68
2.927591562271118, 83, 100
2.9335343837738037, 81, 100
2.9408822059631348, 79, 100
2.9463417530059814, 78, 100
2.9522950649261475, 77, 100
2.9581615924835205, 76, 100
2.963743209838867, 76, 100
2.9700324535369873, 76, 100
2.975825309753418, 76, 100
2.9827122688293457, 77, 100
2.990360975265503, 78, 100
2.9957900047302246, 80, 100
3.0019261837005615, 81, 100
3.00744366645813, 83, 100
3.013428211212158, 86, 68
3.0197362899780273, 88, 34
3.0254080295562744, 91, -17
3.0317740440368652, 94, -68
3.038878917694092, 96, -100
3.0440666675567627, 99, -100
3.0507137775421143, 100, -100
3.056130886077881, 101, -100
3.0622642040252686, 102, -100
3.06813383102417, 103, -100
3.0737287998199463, 103, -100
3.0800695419311523, 103, -100
3.0886175632476807, 102, -100
3.0939853191375732, 101, -100
3.100463628768921, 100, -100
3.1059205532073975, 99, -100
3.1122138500213623, 97, -100
3.118077278137207, 95, -85
3.123694896697998, 93, -51
3.134071111679077, 90, 0
3.1418557167053223, 86, 68
3.1473731994628906, 83, 100
3.1536812782287598, 81, 100
3.1599457263946533, 79, 100
3.1657402515411377, 78, 100
3.1718125343322754, 77, 100
3.17730712890625, 76, 100
3.1845734119415283, 76, 100
3.192201614379883, 76, 100
3.1998825073242188, 77, 100
3.2055001258850098, 78, 100
3.211796998977661, 79, 100
3.2172513008117676, 80, 100
3.223228931427002, 82, 100
3.22953200340271, 84, 100
3.2347607612609863, 86, 68
3.242172956466675, 89, 17
3.248112440109253, 92, -34
3.2537403106689453, 95, -85
3.2600936889648438, 97, -100
3.2657666206359863, 99, -100
3.2720415592193604, 101, -100
3.2776787281036377, 102, -100
3.2857351303100586, 103, -100
3.2937498092651367, 104, -100
3.3004822731018066, 104, -100
3.3059864044189453, 104, -100
3.3121132850646973, 103, -100
3.317654609680176, 102, -100
3.3236331939697266, 101, -100
3.3299341201782227, 100, -100
3.3357858657836914, 98, -100
3.3426692485809326, 96, -100
3.349238872528076, 93, -51
3.354295492172241, 90, 0
3.360811710357666, 89, 17
3.366175413131714, 86, 68
3.3724334239959717, 83, 100
3.3786916732788086, 82, 100
3.3839075565338135, 80, 100
3.3915884494781494, 79, 100
3.398836374282837, 78, 100
3.4040024280548096, 77, 100
3.4104702472686768, 77, 100
3.4159038066864014, 78, 100
3.4220283031463623, 78, 100
3.427532434463501, 78, 100
3.4334681034088135, 80, 100
3.4397101402282715, 81, 100
3.446061134338379, 82, 100
3.452336072921753, 84, 100
3.458608627319336, 87, 51
3.4638266563415527, 90, 0
3.4703612327575684, 92, -34
3.475890636444092, 94, -68
3.482043743133545, 97, -100
3.487596035003662, 99, -100
3.4959042072296143, 100, -100
3.502333641052246, 102, -100
3.5086171627044678, 102, -100
3.514002561569214, 103, -100
3.520641326904297, 103, -100
3.5260326862335205, 102, -100
3.5365889072418213, 102, -100
3.5428521633148193, 100, -100
3.5505101680755615, 98, -100
3.5559966564178467, 97, -100
3.562255382537842, 94, -68
3.5681090354919434, 92, -34
3.5748231410980225, 90, 0
3.581430196762085, 86, 68
3.586700677871704, 84, 100
3.593549966812134, 82, 100
3.601243734359741, 80, 100
3.6064555644989014, 79, 100
3.6124038696289062, 78, 100
3.6187052726745605, 78, 100
3.623900890350342, 78, 100
3.630617380142212, 78, 100
3.6359803676605225, 78, 100
3.642054319381714, 78, 100
3.649437427520752, 80, 100
3.6546692848205566, 81, 100
3.661189079284668, 82, 100
3.6664316654205322, 85, 85
3.6724178791046143, 87, 51
3.678725004196167, 89, 17
3.6839332580566406, 92, -34
3.6906840801239014, 94, -68
3.698833703994751, 97, -100
3.7040586471557617, 99, -100
3.710667133331299, 100, -100
3.716078042984009, 101, -100
3.7222018241882324, 102, -100
3.727721929550171, 102, -100
3.7337276935577393, 102, -100
3.740640640258789, 102, -100
3.746025562286377, 101, -100
3.753202199935913, 100, -100
3.7595527172088623, 98, -100
3.7653603553771973, 96, -100
3.771580696105957, 94, -68
3.776825189590454, 92, -34
3.7827866077423096, 90, 0
3.789443016052246, 87, 51
3.7958977222442627, 84, 100
3.8028275966644287, 82, 100
3.8093323707580566, 80, 100
3.8147130012512207, 79, 100
3.821230411529541, 78, 100
3.826458692550659, 78, 100
3.832392930984497, 78, 100
3.838627815246582, 78, 100
3.843794822692871, 78, 100
3.8514256477355957, 79, 100
3.8566505908966064, 80, 100
3.862614154815674, 82, 100
3.8691205978393555, 83, 100
3.8744821548461914, 86, 68
3.8808741569519043, 87, 51
3.886335611343384, 90, 0
3.893491268157959, 93, -51
3.9000344276428223, 95, -85
3.906604766845703, 98, -100
3.9126029014587402, 100, -100
3.9188854694366455, 100, -100
3.9241011142730713, 101, -100
3.930891990661621, 102, -100
3.941380739212036, 102, -100
3.946624279022217, 101, -100
3.953810214996338, 100, -100
3.960501194000244, 99, -100
3.9659605026245117, 98, -100
3.972041368484497, 96, -100
3.977612257003784, 94, -68
3.98362135887146, 92, -34
3.9899513721466064, 89, 17
3.998779773712158, 87, 51
4.005608320236206, 83, 100
4.011845827102661, 82, 100
4.0173351764678955, 80, 100
4.0234386920928955, 79, 100
4.029710054397583, 78, 100
4.035302400588989, 78, 100
4.041532039642334, 78, 100
4.046754360198975, 78, 100
4.053740978240967, 79, 100
4.060299873352051, 80, 100
4.065772771835327, 81, 100
4.071899175643921, 82, 100
4.077416658401489, 84, 100
4.083384037017822, 86, 68
4.089672327041626, 89, 17
4.097306966781616, 92, -34
4.105511665344238, 96, -100
4.112073659896851, 98, -100
4.117634296417236, 100, -100
4.1235973834991455, 101, -100
4.129925966262817, 102, -100
4.1355812549591064, 102, -100
4.141735792160034, 102, -100
4.147240400314331, 102, -100
4.153484344482422, 102, -100
4.16078519821167, 102, -100
4.166165113449097, 101, -100
4.172455549240112, 99, -100
4.178755044937134, 98, -100
4.183954238891602, 96, -100
4.190426588058472, 94, -68
4.195885896682739, 92, -34
4.202663421630859, 90, 0
4.210438013076782, 86, 68
4.215890169143677, 84, 100
4.221997022628784, 82, 100
4.227530241012573, 80, 100
4.233659744262695, 79, 100
4.239964246749878, 78, 100
4.2456018924713135, 78, 100
4.25171971321106, 77, 100
4.258784294128418, 77, 100
4.263967990875244, 78, 100
4.270434856414795, 78, 100
4.275875568389893, 79, 100
4.282105207443237, 80, 100
4.2876198291778564, 82, 100
4.293746709823608, 84, 100
4.30007266998291, 86, 68
4.3076677322387695, 90, 0
4.313682556152344, 92, -34
4.319990158081055, 95, -85
4.325709342956543, 97, -100
4.331832647323608, 99, -100
4.3418262004852295, 102, -100
4.34731912612915, 102, -100
4.353559255599976, 103, -100
4.361255645751953, 103, -100
4.366495370864868, 103, -100
4.372488975524902, 102, -100
4.378804445266724, 102, -100
4.3840086460113525, 100, -100
4.390507459640503, 99, -100
4.395953416824341, 98, -100
4.402833461761475, 95, -85
4.410806655883789, 92, -34
4.4161975383758545, 90, 0
4.4224159717559814, 86, 68
4.428680896759033, 84, 100
4.433879613876343, 82, 100
4.440368175506592, 80, 100
4.445789098739624, 79, 100
4.4518890380859375, 78, 100
4.457407712936401, 77, 100
4.464127540588379, 77, 100
4.470895051956177, 77, 100
4.476332426071167, 77, 100
4.482271671295166, 78, 100
4.488111734390259, 79, 100
4.493720769882202, 80, 100
4.50000524520874, 82, 100
4.506502389907837, 84, 100
4.513750314712524, 86, 68
4.52004861831665, 89, 17
4.525745630264282, 92, -34
4.532025575637817, 94, -68
4.537585973739624, 97, -100
4.5438337326049805, 99, -100
4.550370693206787, 100, -100
4.55584454536438, 102, -100
4.562746047973633, 103, -100
4.569252014160156, 104, -100
4.575499534606934, 104, -100
4.581740856170654, 104, -100
4.587262868881226, 104, -100
4.593400478363037, 103, -100
4.599730014801025, 102, -100
4.606353521347046, 100, -100
4.613659143447876, 98, -100
4.619954586029053, 96, -100
4.62558388710022, 94, -68
4.631715536117554, 92, -34
4.637259244918823, 89, 17
4.643223285675049, 87, 51
4.64954137802124, 84, 100
4.655184984207153, 82, 100
4.661703586578369, 80, 100
4.668799161911011, 79, 100
4.674111604690552, 78, 100
4.680685997009277, 78, 100
4.686031818389893, 77, 100
4.692139625549316, 77, 100
4.697624683380127, 78, 100
4.703596115112305, 78, 100
4.711567401885986, 80, 100
4.718615531921387, 81, 100
4.723817586898804, 82, 100
4.730315923690796, 84, 100
4.74044132232666, 87, 51
4.746005058288574, 91, -17
4.752249479293823, 94, -68
4.7581400871276855, 97, -100
4.763912677764893, 99, -100
4.771629095077515, 102, -100
4.777188777923584, 103, -100
4.783129692077637, 104, -100
4.789437770843506, 105, -100
4.794722318649292, 105, -100
4.802510023117065, 105, -100
4.810710906982422, 105, -100
4.8188347816467285, 104, -100
4.824427843093872, 102, -100
4.831267356872559, 102, -100
4.8365113735198975, 99, -100
4.842528343200684, 97, -100
4.848774433135986, 96, -100
4.853968858718872, 92, -34
4.860442161560059, 90, 0
4.865917205810547, 88, 34
4.872681140899658, 84, 100
4.879164218902588, 82, 100
4.884132385253906, 80, 100
4.890896558761597, 79, 100
4.896327495574951, 78, 100
4.902285099029541, 76, 100
4.908153772354126, 76, 100
4.914614915847778, 76, 100
4.92210054397583, 76, 100
4.927621126174927, 76, 100
4.933762073516846, 77, 100
4.940022706985474, 78, 100
4.945719957351685, 80, 100
4.951969861984253, 82, 100
4.957498073577881, 84, 100
4.96357798576355, 86, 68
4.970840692520142, 89, 17
4.97631573677063, 92, -34
4.982295036315918, 95, -85
5.001359939575195, 101, -100
5.00663423538208, 102, -100
5.012755393981934, 104, -100
5.0215208530426025, 104, -100
5.026811122894287, 104, -100
5.032786846160889, 104, -100
5.039290428161621, 104, -100
5.044419050216675, 103, -100
5.050876140594482, 102, -100
5.0564069747924805, 100, -100
5.062570095062256, 98, -100
5.068860769271851, 97, -100
5.075732231140137, 94, -68
5.08188271522522, 91, -17
5.08738112449646, 88, 34
5.0933308601379395, 86, 68
5.09966516494751, 84, 100
5.105191946029663, 82, 100
5.111489772796631, 80, 100
5.118081092834473, 78, 100
5.124832391738892, 77, 100
5.131570339202881, 76, 100
5.14589262008667, 76, 100
5.15232253074646, 77, 100
5.1582112312316895, 78, 100
5.163927793502808, 79, 100
5.170390605926514, 80, 100
5.189206123352051, 84, 100
5.194713354110718, 90, 0
5.209295749664307, 94, -68
5.2233428955078125, 100, -100
5.236018180847168, 104, -100
5.247525215148926, 106, -100
5.259927749633789, 106, -100
5.273470878601074, 106, -100
5.286145925521851, 104, -100
5.297723293304443, 100, -100
5.303987264633179, 96, -100
5.310831546783447, 95, -85
5.317315578460693, 92, -34
5.323697328567505, 88, 34
5.32996392250061, 85, 85
5.3356616497039795, 82, 100
5.35227632522583, 80, 100
5.3699681758880615, 75, 100
5.391163110733032, 74, 100
5.404839754104614, 76, 100
5.421310186386108, 78, 100
5.435523986816406, 84, 100
5.4494733810424805, 92, -34
5.462167501449585, 99, -100
5.468777418136597, 104, -100
5.474120855331421, 107, -100
5.480740547180176, 108, -100
5.486111640930176, 110, -100
5.492250919342041, 112, -100
5.498151540756226, 113, -100
5.505292892456055, 114, -100
5.511611223220825, 114, -100
5.517166376113892, 114, -100
5.5240397453308105, 114, -100
5.530679225921631, 113, -100
5.536055564880371, 112, -100
5.546422719955444, 110, -100
5.553633689880371, 107, -100
5.559923410415649, 105, -100
5.565857887268066, 103, -100
5.5721681118011475, 100, -100
5.579438209533691, 96, -100
5.5851194858551025, 93, -51
5.591439485549927, 89, 17
5.596674680709839, 86, 68
5.605341196060181, 82, 100
5.611644268035889, 78, 100
5.617141962051392, 76, 100
5.625820159912109, 74, 100
5.632326602935791, 71, 100
5.638589143753052, 70, 100
5.643791437149048, 70, 100
5.650314569473267, 69, 100
5.656691074371338, 68, 100
5.662672758102417, 68, 100
5.6692280769348145, 69, 100
5.674285411834717, 70, 100
5.681164026260376, 70, 100
5.686417579650879, 72, 100
5.693435430526733, 73, 100
5.699711322784424, 75, 100
5.706143140792847, 77, 100
5.712737083435059, 80, 100
5.719256639480591, 83, 100
5.725592136383057, 86, 68
5.731959342956543, 90, 0
5.737509489059448, 93, -51
5.743683576583862, 96, -100
5.7500388622283936, 100, -100
5.756532669067383, 102, -100
5.762835264205933, 105, -100
5.769320964813232, 106, -100
5.774644613265991, 108, -100
5.781147003173828, 109, -100
5.786424160003662, 110, -100
5.79240870475769, 110, -100
5.79870080947876, 110, -100
5.804097890853882, 110, -100
5.811669111251831, 110, -100
5.817189455032349, 109, -100
5.823974132537842, 108, -100
5.830821752548218, 106, -100
5.836196422576904, 104, -100
5.842453956604004, 102, -100
5.848747491836548, 100, -100
5.853963851928711, 97, -100
5.861722230911255, 95, -85
5.867226600646973, 91, -17
5.87322735786438, 88, 34
5.879589080810547, 84, 100
5.884828567504883, 82, 100
5.89138126373291, 79, 100
5.8965981006622314, 77, 100
5.902583837509155, 76, 100
5.909921407699585, 74, 100
5.915580987930298, 73, 100
5.92185115814209, 72, 100
5.928862571716309, 72, 100
5.934417009353638, 72, 100
5.944282531738281, 72, 100
5.951143980026245, 73, 100
5.9563915729522705, 74, 100
5.963528394699097, 76, 100
5.969810247421265, 77, 100
5.9757080078125, 79, 100
5.981964826583862, 82, 100
5.987511157989502, 84, 100
5.993565320968628, 87, 51
5.999872922897339, 90, 0
6.005526542663574, 94, -68
6.012469291687012, 96, -100
6.018767833709717, 99, -100
6.023963451385498, 102, -100
6.031749963760376, 104, -100
6.0372514724731445, 105, -100
6.043410062789917, 106, -100
6.049686908721924, 107, -100
6.055328369140625, 108, -100
6.062350034713745, 108, -100
6.068636894226074, 108, -100
6.073830842971802, 107, -100
6.080320596694946, 106, -100
6.085836887359619, 105, -100
6.091949224472046, 104, -100
6.097495079040527, 102, -100
6.103688716888428, 100, -100
6.110002756118774, 98, -100
6.116624116897583, 95, -85
6.1226348876953125, 92, -34
6.12982177734375, 90, 0
6.135690689086914, 86, 68
6.141830205917358, 83, 100
6.147298812866211, 80, 100
6.153346061706543, 78, 100
6.159635305404663, 77, 100
6.166353940963745, 76, 100
6.172328948974609, 74, 100
6.178618907928467, 74, 100
6.18379807472229, 73, 100
6.190333366394043, 73, 100
6.195817470550537, 74, 100
6.201918601989746, 74, 100
6.207440376281738, 75, 100
6.2143354415893555, 76, 100
6.221181392669678, 78, 100
6.227475643157959, 80, 100
6.233790636062622, 83, 100
6.240320444107056, 85, 85
6.245776414871216, 88, 34
6.25190806388855, 91, -17
6.257523059844971, 94, -68
6.264484643936157, 97, -100
6.271104335784912, 100, -100
6.2763752937316895, 102, -100
6.282559156417847, 104, -100
6.28887939453125, 105, -100
6.294092416763306, 106, -100
6.300699234008789, 106, -100
6.306078672409058, 107, -100
6.312243938446045, 106, -100
6.319545030593872, 106, -100
6.324795246124268, 106, -100
6.332056522369385, 104, -100
6.3385961055755615, 103, -100
6.348741769790649, 100, -100
6.354079246520996, 97, -100
6.3611931800842285, 96, -100
6.367578029632568, 92, -34
6.3737266063690186, 89, 17
6.380033493041992, 86, 68
6.385679244995117, 83, 100
6.391766786575317, 81, 100
6.397256851196289, 79, 100
6.404758930206299, 76, 100
6.411239147186279, 75, 100
6.41753077507019, 74, 100
6.4235005378723145, 74, 100
6.431674957275391, 73, 100
6.438733100891113, 73, 100
6.444246768951416, 74, 100
6.450725078582764, 74, 100
6.456062078475952, 76, 100
6.4622962474823, 77, 100
6.469559669494629, 79, 100
6.474802494049072, 82, 100
6.481283187866211, 84, 100
6.486618995666504, 87, 51
6.492787599563599, 90, 0
6.49931526184082, 93, -51
6.504615306854248, 96, -100
6.511258125305176, 98, -100
6.516505241394043, 100, -100
6.523686408996582, 102, -100
6.52997350692749, 104, -100
6.536586046218872, 104, -100
6.542754650115967, 106, -100
6.549277305603027, 106, -100
6.554399728775024, 106, -100
6.560871601104736, 105, -100
6.566355466842651, 104, -100
6.574005365371704, 103, -100
6.580792427062988, 102, -100
6.58619499206543, 100, -100
6.592302322387695, 97, -100
6.598209381103516, 96, -100
6.603827476501465, 93, -51
6.6103410720825195, 90, 0
6.615824937820435, 88, 34
6.6228556632995605, 84, 100
6.6294028759002686, 82, 100
6.63465428352356, 80, 100
6.642254590988159, 78, 100
6.647725343704224, 76, 100
6.653702735900879, 76, 100
6.659970760345459, 75, 100
6.665580987930298, 75, 100
6.672447443008423, 75, 100
6.678731203079224, 75, 100
6.684292554855347, 76, 100
6.690786600112915, 76, 100
6.69614577293396, 78, 100
6.702443599700928, 80, 100
6.708688497543335, 81, 100
6.713866710662842, 83, 100
6.720360040664673, 85, 85
6.726661920547485, 89, 17
6.732694149017334, 92, -34
6.740011215209961, 94, -68
6.751163005828857, 99, -100
6.756426811218262, 101, -100
6.762656211853027, 103, -100
6.769175052642822, 104, -100
6.77569055557251, 105, -100
6.78193211555481, 105, -100
6.78754186630249, 105, -100
6.7934839725494385, 105, -100
6.799778699874878, 104, -100
6.805386781692505, 104, -100
6.811612129211426, 102, -100
6.817131042480469, 101, -100
6.82403826713562, 99, -100
6.830664157867432, 98, -100
6.836069345474243, 95, -85
6.843433380126953, 92, -34
6.849751234054565, 89, 17
6.855339050292969, 86, 68
6.861536502838135, 84, 100
6.866751194000244, 81, 100
6.872800827026367, 79, 100
6.8804755210876465, 78, 100
6.88592791557312, 76, 100
6.892018795013428, 76, 100
6.897538900375366, 75, 100
6.903480529785156, 75, 100
6.909754276275635, 75, 100
6.915348052978516, 75, 100
6.9215075969696045, 76, 100
6.928142786026001, 77, 100
6.933717966079712, 78, 100
6.941424369812012, 80, 100
6.94710898399353, 82, 100
6.9528419971466064, 84, 100
6.959354877471924, 87, 51
6.964606761932373, 90, 0
6.970874071121216, 92, -34
6.97733736038208, 94, -68
6.983344316482544, 98, -100
6.989660024642944, 100, -100
6.995211601257324, 101, -100
7.001666069030762, 102, -100
7.007184982299805, 104, -100
7.0133442878723145, 104, -100
7.019675970077515, 104, -100
7.02520227432251, 104, -100
7.032327651977539, 104, -100
7.039525985717773, 103, -100
7.045354127883911, 101, -100
7.051548719406128, 100, -100
7.0568108558654785, 98, -100
7.063165903091431, 96, -100
7.069530963897705, 94, -68
7.074790000915527, 91, -17
7.0820472240448, 88, 34
7.08758020401001, 86, 68
7.093537330627441, 83, 100
7.09980583190918, 81, 100
7.105377435684204, 80, 100
7.111551761627197, 78, 100
7.116774559020996, 77, 100
7.122856140136719, 76, 100
7.130377531051636, 76, 100
7.135836601257324, 76, 100
7.146475315093994, 76, 100
7.153244495391846, 78, 100
7.1595375537872314, 78, 100
7.1652960777282715, 80, 100
7.171631097793579, 82, 100
7.177112817764282, 84, 100
7.184077501296997, 87, 51
7.190670728683472, 88, 34
7.196075439453125, 91, -17
7.203634977340698, 94, -68
7.209966659545898, 97, -100
7.2156102657318115, 99, -100
7.2217323780059814, 101, -100
7.227228164672852, 102, -100
7.233977317810059, 103, -100
7.242372989654541, 104, -100
7.249812126159668, 104, -100
7.255693674087524, 104, -100
7.261818170547485, 103, -100
7.267337799072266, 102, -100
7.273447751998901, 101, -100
7.279744386672974, 100, -100
7.28612208366394, 98, -100
7.2922914028167725, 95, -85
7.298584461212158, 93, -51
7.3039329051971436, 90, 0
7.310469388961792, 88, 34
7.3159308433532715, 86, 68
7.3220603466033936, 83, 100
7.327569007873535, 81, 100
7.334558010101318, 80, 100
7.341123104095459, 78, 100
7.347396373748779, 78, 100
7.353554964065552, 77, 100
7.359817266464233, 77, 100
7.365630626678467, 77, 100
7.371725559234619, 78, 100
7.377216577529907, 78, 100
7.383953094482422, 80, 100
7.390383005142212, 81, 100
7.395818471908569, 83, 100
7.402107238769531, 85, 85
7.407665491104126, 88, 34
7.413658618927002, 90, 0
7.419951677322388, 93, -51
7.425778388977051, 95, -85
7.431907653808594, 98, -100
7.439113140106201, 99, -100
7.444104433059692, 101, -100
7.451857089996338, 102, -100
7.4573609828948975, 103, -100
7.463347434997559, 103, -100
7.46967625617981, 103, -100
7.475218057632446, 102, -100
7.481691360473633, 102, -100
7.488781452178955, 100, -100
7.49399995803833, 99, -100
7.500460863113403, 98, -100
7.505919694900513, 96, -100
7.51204776763916, 94, -68
7.517651557922363, 91, -17
7.52363920211792, 88, 34
7.529919147491455, 86, 68
7.536634683609009, 84, 100
7.548148155212402, 81, 100
7.554285764694214, 78, 100
7.5611186027526855, 78, 100
7.566342115402222, 77, 100
7.572476148605347, 77, 100
7.579716920852661, 77, 100
7.586020231246948, 78, 100
7.5921642780303955, 78, 100
7.597630023956299, 80, 100
7.60377049446106, 81, 100
7.6100382804870605, 83, 100
7.615957260131836, 85, 85
7.622041702270508, 87, 51
7.627578020095825, 90, 0
7.633558511734009, 92, -34
7.641112565994263, 95, -85
7.646392822265625, 97, -100
7.6535186767578125, 99, -100
7.659823656082153, 101, -100
7.665689706802368, 102, -100
7.671834468841553, 102, -100
7.677312850952148, 103, -100
7.683302164077759, 103, -100
7.690707445144653, 102, -100
7.696082830429077, 102, -100
7.702203035354614, 101, -100
7.708080768585205, 100, -100
7.7137017250061035, 98, -100
7.720069169998169, 96, -100
7.725892543792725, 94, -68
7.7320191860198975, 92, -34
7.739290475845337, 89, 17
7.744413375854492, 86, 68
7.7517571449279785, 84, 100
7.757440090179443, 82, 100
7.763412237167358, 80, 100
7.76973819732666, 79, 100
7.77532434463501, 78, 100
7.781678676605225, 78, 100
7.78716778755188, 77, 100
7.793926239013672, 78, 100
7.800384998321533, 78, 100
7.805827856063843, 78, 100
7.811921834945679, 79, 100
7.817430019378662, 80, 100
7.823400497436523, 82, 100
7.8297035694122314, 84, 100
7.835330486297607, 86, 68
7.842437505722046, 88, 34
7.848755359649658, 91, -17
7.8556764125823975, 95, -85
7.861829042434692, 97, -100
7.867330074310303, 99, -100
7.87332820892334, 100, -100
7.879662990570068, 102, -100
7.885335206985474, 103, -100
7.892296075820923, 103, -100
7.8985819816589355, 104, -100
7.903965711593628, 103, -100
7.910419940948486, 103, -100
7.915897369384766, 102, -100
7.9221720695495605, 101, -100
7.927687406539917, 100, -100
7.933658123016357, 98, -100
7.939913511276245, 96, -100
7.95215916633606, 94, -68
7.958652019500732, 89, 17
7.964113235473633, 86, 68
7.970892429351807, 84, 100
7.976347923278809, 82, 100
7.982300043106079, 79, 100
7.988150119781494, 78, 100
7.994778633117676, 76, 100
8.002570867538452, 75, 100
8.008850336074829, 75, 100
8.014005184173584, 74, 100
8.02071237564087, 75, 100
8.02605414390564, 75, 100
8.032137870788574, 76, 100
8.03761625289917, 77, 100
8.04448413848877, 78, 100
8.0512375831604, 80, 100
8.059955835342407, 83, 100
8.0658540725708, 86, 68
8.071970462799072, 88, 34
8.077514171600342, 91, -17
8.083706378936768, 94, -68
8.090005874633789, 97, -100
8.096607446670532, 99, -100
8.102616786956787, 101, -100
8.109151363372803, 102, -100
8.114134311676025, 104, -100
8.120725870132446, 104, -100
8.126114845275879, 105, -100
8.132245779037476, 105, -100
8.138139486312866, 105, -100
8.14394211769104, 104, -100
8.153560161590576, 103, -100
8.163432121276855, 102, -100
8.169927597045898, 100, -100
8.175604581832886, 98, -100
8.182278394699097, 96, -100
8.188215494155884, 93, -51
8.193841218948364, 90, 0
8.201569557189941, 86, 68
8.207097291946411, 84, 100
8.212806940078735, 82, 100
8.219334125518799, 80, 100
8.224733352661133, 78, 100
8.231242418289185, 77, 100
8.23648476600647, 76, 100
8.242464542388916, 75, 100
8.24979567527771, 75, 100
8.255346536636353, 75, 100
8.262588500976562, 76, 100
8.268844842910767, 76, 100
8.274021863937378, 77, 100
8.280516147613525, 78, 100
8.285949945449829, 80, 100
8.292043924331665, 81, 100
8.299322843551636, 84, 100
8.304420948028564, 87, 51
8.311272859573364, 88, 34
8.316622257232666, 92, -34
8.333945035934448, 95, -85
8.361912965774536, 102, -100
8.373346328735352, 105, -100
8.379647254943848, 105, -100
8.385618925094604, 104, -100
8.391730070114136, 103, -100
8.397227764129639, 102, -100
8.403945446014404, 100, -100
8.410477876663208, 99, -100
8.4159517288208, 96, -100
8.422052145004272, 94, -68
8.427632570266724, 92, -34
8.43363642692566, 89, 17
8.439942359924316, 86, 68
8.445786476135254, 83, 100
8.452678203582764, 81, 100
8.459913492202759, 79, 100
8.465802431106567, 77, 100
8.471911430358887, 76, 100
8.477407217025757, 76, 100
8.483324766159058, 75, 100
8.489585876464844, 75, 100
8.494824409484863, 75, 100
8.50212574005127, 76, 100
8.507613897323608, 76, 100
8.513587951660156, 78, 100
8.519830703735352, 79, 100
8.5254807472229, 80, 100
8.531573295593262, 82, 100
8.536813735961914, 85, 85
8.54279351234436, 88, 34
8.549329042434692, 90, 0
8.555688381195068, 93, -51
8.562771797180176, 96, -100
8.569597482681274, 98, -100
8.584298610687256, 100, -100
8.605150699615479, 104, -100
8.6186683177948, 104, -100
8.643910646438599, 100, -100
8.663230180740356, 94, -68
8.672664165496826, 87, 51
8.69398283958435, 78, 100
8.713599443435669, 74, 100
8.730618715286255, 71, 100
8.766588926315308, 73, 100
8.791306018829346, 80, 100
8.80657172203064, 90, 0
8.812724351882935, 99, -100
8.819258451461792, 102, -100
8.824312925338745, 105, -100
8.831244468688965, 107, -100
8.836484432220459, 110, -100
8.842520952224731, 112, -100
8.848801374435425, 114, -100
8.854034900665283, 115, -100
8.863353252410889, 116, -100
8.87082028388977, 117, -100
8.876519918441772, 117, -100
8.882501602172852, 116, -100
8.888793468475342, 116, -100
8.893973588943481, 115, -100
8.900463104248047, 114, -100
8.906798601150513, 113, -100
8.912808895111084, 110, -100
8.919321298599243, 108, -100
8.924736499786377, 106, -100
8.931264638900757, 103, -100
8.936570644378662, 100, -100
8.942576885223389, 97, -100
8.949126958847046, 94, -68
8.954116821289062, 90, 0
8.961884260177612, 87, 51
8.969212055206299, 82, 100
8.974636793136597, 78, 100
8.981414079666138, 76, 100
8.986639261245728, 74, 100
8.992579698562622, 72, 100
8.998880624771118, 71, 100
9.004103899002075, 69, 100
9.011680126190186, 68, 100
9.017167806625366, 68, 100
9.02288031578064, 67, 100
9.02942967414856, 67, 100
9.034668922424316, 68, 100
9.041330337524414, 68, 100
9.046564102172852, 69, 100
9.052521705627441, 70, 100
9.058791399002075, 71, 100
9.065189361572266, 74, 100
9.072180271148682, 76, 100
9.078636169433594, 78, 100
9.083805322647095, 81, 100
9.090476751327515, 84, 100
9.09595274925232, 88, 34
9.1022207736969, 91, -17
9.108088731765747, 94, -68
9.114657402038574, 99, -100
9.121301651000977, 102, -100
9.12656545639038, 104, -100
9.132596015930176, 106, -100
9.138892650604248, 108, -100
9.146086692810059, 110, -100
9.156341314315796, 111, -100
9.163524866104126, 112, -100
9.171178579330444, 112, -100
9.176652669906616, 111, -100
9.182855606079102, 110, -100
9.189424514770508, 109, -100
9.194682121276855, 108, -100
9.201245307922363, 107, -100
9.206512928009033, 104, -100
9.213569164276123, 102, -100
9.219881534576416, 100, -100
9.225765466690063, 97, -100
9.231873273849487, 94, -68
9.237416982650757, 91, -17
9.243410348892212, 88, 34
9.249691486358643, 84, 100
9.255329132080078, 82, 100
9.261518239974976, 79, 100
9.268216133117676, 77, 100
9.275357484817505, 74, 100
9.281744480133057, 73, 100
9.287209272384644, 72, 100
9.293158292770386, 71, 100
9.299471139907837, 71, 100
9.304683685302734, 70, 100
9.311233282089233, 71, 100
9.317535877227783, 72, 100
9.323494911193848, 72, 100
9.329765319824219, 74, 100
9.335342168807983, 75, 100
9.341736555099487, 77, 100
9.347195148468018, 79, 100
9.353318929672241, 82, 100
9.359625101089478, 84, 100
9.36612343788147, 87, 51
9.37327265739441, 92, -34
9.37984824180603, 95, -85
9.385470867156982, 98, -100
9.391619682312012, 100, -100
9.397192239761353, 102, -100
9.403348684310913, 104, -100
9.409712076187134, 106, -100
9.416152715682983, 107, -100
9.422351598739624, 108, -100
9.428641080856323, 109, -100
9.43382740020752, 109, -100
9.440335988998413, 109, -100
9.445821523666382, 108, -100
9.451948404312134, 108, -100
9.457505702972412, 107, -100
9.46367335319519, 106, -100
9.471848487854004, 104, -100
9.477626085281372, 101, -100
9.483801364898682, 99, -100
9.49032473564148, 96, -100
9.495802164077759, 94, -68
9.501941204071045, 91, -17
9.507512331008911, 88, 34
9.513533592224121, 84, 100
9.521241903305054, 82, 100
9.52645754814148, 78, 100
9.532413482666016, 76, 100
9.538698434829712, 76, 100
9.543906927108765, 74, 100
9.553808450698853, 73, 100
9.560509204864502, 72, 100
9.56600022315979, 72, 100
9.575211763381958, 72, 100
9.58217477798462, 73, 100
9.58767294883728, 74, 100
9.593638896942139, 75, 100
9.599920749664307, 77, 100
9.607188701629639, 79, 100
9.613310098648071, 82, 100
9.620431423187256, 84, 100
9.625881433486938, 88, 34
9.631994485855103, 90, 0
9.637527465820312, 94, -68
9.643696546554565, 97, -100
9.650038480758667, 99, -100
9.655723571777344, 102, -100
9.661826372146606, 104, -100
9.667332410812378, 105, -100
9.676324605941772, 106, -100
9.683462858200073, 107, -100
9.689951419830322, 108, -100
9.695589542388916, 108, -100
9.701874256134033, 107, -100
9.707436800003052, 107, -100
9.71342945098877, 106, -100
9.719720363616943, 104, -100
9.726295232772827, 103, -100
9.732331991195679, 101, -100
9.738600015640259, 99, -100
9.743962526321411, 96, -100
9.750422477722168, 94, -68
9.755896806716919, 92, -34
9.76217770576477, 88, 34
9.767704010009766, 86, 68
9.774624109268188, 83, 100
9.782063722610474, 80, 100
9.788204431533813, 78, 100
9.793761491775513, 76, 100
9.800038576126099, 75, 100
9.805688381195068, 74, 100
9.81180739402771, 74, 100
9.817346572875977, 73, 100
9.824430704116821, 74, 100
9.830861806869507, 74, 100
9.836193799972534, 74, 100
9.842254161834717, 76, 100
9.8481125831604, 77, 100
9.853703737258911, 78, 100
9.859967708587646, 80, 100
9.865573644638062, 82, 100
9.87187910079956, 85, 85
9.87913703918457, 88, 34
9.885719537734985, 92, -34
9.891958236694336, 94, -68
9.897529125213623, 97, -100
9.903714179992676, 100, -100
9.910065412521362, 102, -100
9.915756702423096, 103, -100
9.921891689300537, 104, -100
9.929198741912842, 106, -100
9.93425440788269, 106, -100
9.94115424156189, 106, -100
9.946428060531616, 106, -100
9.956168413162231, 106, -100
9.962484121322632, 105, -100
9.968784809112549, 104, -100
9.975539207458496, 102, -100
9.982712745666504, 100, -100
9.98957085609436, 98, -100
9.994839906692505, 96, -100
10.001542091369629, 93, -51
